0.000000e+00 -1.600000e+01
8.476427e-03 -7.878576e+00
1.695285e-02 -7.279112e+00
2.542928e-02 -6.928668e+00
3.390571e-02 -6.680614e+00
4.238213e-02 -6.488902e+00
5.085856e-02 -6.332979e+00
5.933499e-02 -6.201862e+00
6.781141e-02 -6.088979e+00
7.628784e-02 -5.990077e+00
8.476427e-02 -5.902246e+00
9.324069e-02 -5.823407e+00
1.017171e-01 -5.752022e+00
1.101935e-01 -5.686925e+00
1.186700e-01 -5.627208e+00
1.271464e-01 -5.572153e+00
1.356228e-01 -5.521178e+00
1.440993e-01 -5.473810e+00
1.525757e-01 -5.429652e+00
1.610521e-01 -5.388373e+00
1.695285e-01 -5.349690e+00
1.780050e-01 -5.313362e+00
1.864814e-01 -5.279178e+00
1.949578e-01 -5.246957e+00
2.034342e-01 -5.216540e+00
2.119107e-01 -5.187785e+00
2.203871e-01 -5.160569e+00
2.288635e-01 -5.134781e+00
2.373399e-01 -5.110322e+00
2.458164e-01 -5.087101e+00
2.542928e-01 -5.065039e+00
2.627692e-01 -5.044061e+00
2.712457e-01 -5.024099e+00
2.797221e-01 -5.005090e+00
2.881985e-01 -4.986978e+00
2.966749e-01 -4.969709e+00
3.051514e-01 -4.953233e+00
3.136278e-01 -4.937503e+00
3.221042e-01 -4.922476e+00
3.305806e-01 -4.908110e+00
3.390571e-01 -4.894366e+00
3.475335e-01 -4.881207e+00
3.560099e-01 -4.868598e+00
3.644863e-01 -4.856505e+00
3.729628e-01 -4.844896e+00
3.814392e-01 -4.833740e+00
3.899156e-01 -4.823007e+00
3.983920e-01 -4.812668e+00
4.068685e-01 -4.802696e+00
4.153449e-01 -4.793064e+00
4.238213e-01 -4.783748e+00
4.322978e-01 -4.774724e+00
4.407742e-01 -4.765967e+00
4.492506e-01 -4.757455e+00
4.577270e-01 -4.749168e+00
4.662035e-01 -4.741085e+00
4.746799e-01 -4.733186e+00
4.831563e-01 -4.725453e+00
4.916327e-01 -4.717869e+00
5.001092e-01 -4.710417e+00
5.085856e-01 -4.703083e+00
5.170620e-01 -4.695852e+00
5.255384e-01 -4.688712e+00
5.340149e-01 -4.681650e+00
5.424913e-01 -4.674656e+00
5.509677e-01 -4.667719e+00
5.594442e-01 -4.660832e+00
5.679206e-01 -4.653985e+00
5.763970e-01 -4.647173e+00
5.848734e-01 -4.640389e+00
5.933499e-01 -4.633628e+00
6.018263e-01 -4.626887e+00
6.103027e-01 -4.620163e+00
6.187791e-01 -4.613452e+00
6.272556e-01 -4.606753e+00
6.357320e-01 -4.600065e+00
6.442084e-01 -4.593387e+00
6.526848e-01 -4.586720e+00
6.611613e-01 -4.580064e+00
6.696377e-01 -4.573419e+00
6.781141e-01 -4.566788e+00
6.865906e-01 -4.560171e+00
6.950670e-01 -4.553570e+00
7.035434e-01 -4.546988e+00
7.120198e-01 -4.540427e+00
7.204963e-01 -4.533888e+00
7.289727e-01 -4.527373e+00
7.374491e-01 -4.520886e+00
7.459255e-01 -4.514428e+00
7.544020e-01 -4.508000e+00
7.628784e-01 -4.501606e+00
7.713548e-01 -4.495246e+00
7.798312e-01 -4.488923e+00
7.883077e-01 -4.482638e+00
7.967841e-01 -4.476392e+00
8.052605e-01 -4.470187e+00
8.137370e-01 -4.464023e+00
8.222134e-01 -4.457903e+00
8.306898e-01 -4.451825e+00
8.391662e-01 -4.445792e+00
8.476427e-01 -4.439803e+00
8.561191e-01 -4.433860e+00
8.645955e-01 -4.427962e+00
8.730719e-01 -4.422109e+00
8.815484e-01 -4.416302e+00
8.900248e-01 -4.410541e+00
8.985012e-01 -4.404826e+00
9.069776e-01 -4.399156e+00
9.154541e-01 -4.393532e+00
9.239305e-01 -4.387954e+00
9.324069e-01 -4.382420e+00
9.408833e-01 -4.376931e+00
9.493598e-01 -4.371487e+00
9.578362e-01 -4.366086e+00
9.663126e-01 -4.360730e+00
9.747891e-01 -4.355417e+00
9.832655e-01 -4.350147e+00
9.917419e-01 -4.344920e+00
1.000218e+00 -4.339735e+00
1.008695e+00 -4.334592e+00
1.017171e+00 -4.329491e+00
1.025648e+00 -4.324431e+00
1.034124e+00 -4.319411e+00
1.042600e+00 -4.314433e+00
1.051077e+00 -4.309494e+00
1.059553e+00 -4.304596e+00
1.068030e+00 -4.299737e+00
1.076506e+00 -4.294918e+00
1.084983e+00 -4.290137e+00
1.093459e+00 -4.285396e+00
1.101935e+00 -4.280693e+00
1.110412e+00 -4.276029e+00
1.118888e+00 -4.271402e+00
1.127365e+00 -4.266813e+00
1.135841e+00 -4.262262e+00
1.144318e+00 -4.257748e+00
1.152794e+00 -4.253271e+00
1.161270e+00 -4.248831e+00
1.169747e+00 -4.244426e+00
1.178223e+00 -4.240058e+00
1.186700e+00 -4.235725e+00
1.195176e+00 -4.231427e+00
1.203653e+00 -4.227164e+00
1.212129e+00 -4.222936e+00
1.220605e+00 -4.218741e+00
1.229082e+00 -4.214580e+00
1.237558e+00 -4.210452e+00
1.246035e+00 -4.206358e+00
1.254511e+00 -4.202295e+00
1.262988e+00 -4.198265e+00
1.271464e+00 -4.194267e+00
1.279940e+00 -4.190299e+00
1.288417e+00 -4.186363e+00
1.296893e+00 -4.182458e+00
1.305370e+00 -4.178582e+00
1.313846e+00 -4.174737e+00
1.322323e+00 -4.170920e+00
1.330799e+00 -4.167134e+00
1.339275e+00 -4.163375e+00
1.347752e+00 -4.159646e+00
1.356228e+00 -4.155944e+00
1.364705e+00 -4.152270e+00
1.373181e+00 -4.148624e+00
1.381658e+00 -4.145006e+00
1.390134e+00 -4.141414e+00
1.398610e+00 -4.137849e+00
1.407087e+00 -4.134311e+00
1.415563e+00 -4.130799e+00
1.424040e+00 -4.127313e+00
1.432516e+00 -4.123854e+00
1.440993e+00 -4.120421e+00
1.449469e+00 -4.117013e+00
1.457945e+00 -4.113631e+00
1.466422e+00 -4.110275e+00
1.474898e+00 -4.106944e+00
1.483375e+00 -4.103639e+00
1.491851e+00 -4.100359e+00
1.500328e+00 -4.097104e+00
1.508804e+00 -4.093875e+00
1.517280e+00 -4.090671e+00
1.525757e+00 -4.087491e+00
1.534233e+00 -4.084337e+00
1.542710e+00 -4.081207e+00
1.551186e+00 -4.078103e+00
1.559662e+00 -4.075023e+00
1.568139e+00 -4.071967e+00
1.576615e+00 -4.068936e+00
1.585092e+00 -4.065930e+00
1.593568e+00 -4.062947e+00
1.602045e+00 -4.059989e+00
1.610521e+00 -4.057055e+00
1.618997e+00 -4.054145e+00
1.627474e+00 -4.051258e+00
1.635950e+00 -4.048396e+00
1.644427e+00 -4.045556e+00
1.652903e+00 -4.042740e+00
1.661380e+00 -4.039947e+00
1.669856e+00 -4.037177e+00
1.678332e+00 -4.034430e+00
1.686809e+00 -4.031705e+00
1.695285e+00 -4.029003e+00
1.703762e+00 -4.026322e+00
1.712238e+00 -4.023664e+00
1.720715e+00 -4.021027e+00
1.729191e+00 -4.018412e+00
1.737667e+00 -4.015818e+00
1.746144e+00 -4.013245e+00
1.754620e+00 -4.010692e+00
1.763097e+00 -4.008160e+00
1.771573e+00 -4.005649e+00
1.780050e+00 -4.003158e+00
1.788526e+00 -4.000686e+00
1.797002e+00 -3.998234e+00
1.805479e+00 -3.995802e+00
1.813955e+00 -3.993389e+00
1.822432e+00 -3.990994e+00
1.830908e+00 -3.988619e+00
1.839385e+00 -3.986262e+00
1.847861e+00 -3.983924e+00
1.856337e+00 -3.981604e+00
1.864814e+00 -3.979302e+00
1.873290e+00 -3.977018e+00
1.881767e+00 -3.974752e+00
1.890243e+00 -3.972503e+00
1.898720e+00 -3.970271e+00
1.907196e+00 -3.968057e+00
1.915672e+00 -3.965860e+00
1.924149e+00 -3.963680e+00
1.932625e+00 -3.961516e+00
1.941102e+00 -3.959369e+00
1.949578e+00 -3.957238e+00
1.958055e+00 -3.955124e+00
1.966531e+00 -3.953026e+00
1.975007e+00 -3.950944e+00
1.983484e+00 -3.948878e+00
1.991960e+00 -3.946828e+00
2.000437e+00 -3.944794e+00
2.008913e+00 -3.942775e+00
2.017390e+00 -3.940772e+00
2.025866e+00 -3.938784e+00
2.034342e+00 -3.936811e+00
2.042819e+00 -3.934853e+00
2.051295e+00 -3.932910e+00
2.059772e+00 -3.930983e+00
2.068248e+00 -3.929070e+00
2.076725e+00 -3.927171e+00
2.085201e+00 -3.925288e+00
2.093677e+00 -3.923418e+00
2.102154e+00 -3.921564e+00
2.110630e+00 -3.919723e+00
2.119107e+00 -3.917897e+00
2.127583e+00 -3.916084e+00
2.136059e+00 -3.914286e+00
2.144536e+00 -3.912502e+00
2.153012e+00 -3.910731e+00
2.161489e+00 -3.908974e+00
2.169965e+00 -3.907231e+00
2.178442e+00 -3.905501e+00
2.186918e+00 -3.903785e+00
2.195394e+00 -3.902082e+00
2.203871e+00 -3.900393e+00
2.212347e+00 -3.898716e+00
2.220824e+00 -3.897053e+00
2.229300e+00 -3.895402e+00
2.237777e+00 -3.893765e+00
2.246253e+00 -3.892140e+00
2.254729e+00 -3.890528e+00
2.263206e+00 -3.888929e+00
2.271682e+00 -3.887342e+00
2.280159e+00 -3.885768e+00
2.288635e+00 -3.884206e+00
2.297112e+00 -3.882656e+00
2.305588e+00 -3.881119e+00
2.314064e+00 -3.879594e+00
2.322541e+00 -3.878080e+00
2.331017e+00 -3.876579e+00
2.339494e+00 -3.875089e+00
2.347970e+00 -3.873611e+00
2.356447e+00 -3.872144e+00
2.364923e+00 -3.870689e+00
2.373399e+00 -3.869246e+00
2.381876e+00 -3.867813e+00
2.390352e+00 -3.866392e+00
2.398829e+00 -3.864982e+00
2.407305e+00 -3.863583e+00
2.415782e+00 -3.862195e+00
2.424258e+00 -3.860818e+00
2.432734e+00 -3.859452e+00
2.441211e+00 -3.858096e+00
2.449687e+00 -3.856751e+00
2.458164e+00 -3.855416e+00
2.466640e+00 -3.854092e+00
2.475117e+00 -3.852778e+00
2.483593e+00 -3.851474e+00
2.492069e+00 -3.850181e+00
2.500546e+00 -3.848898e+00
2.509022e+00 -3.847624e+00
2.517499e+00 -3.846361e+00
2.525975e+00 -3.845108e+00
2.534452e+00 -3.843864e+00
2.542928e+00 -3.842631e+00
2.551404e+00 -3.841407e+00
2.559881e+00 -3.840193e+00
2.568357e+00 -3.838988e+00
2.576834e+00 -3.837793e+00
2.585310e+00 -3.836608e+00
2.593787e+00 -3.835432e+00
2.602263e+00 -3.834266e+00
2.610739e+00 -3.833109e+00
2.619216e+00 -3.831961e+00
2.627692e+00 -3.830823e+00
2.636169e+00 -3.829694e+00
2.644645e+00 -3.828574e+00
2.653122e+00 -3.827464e+00
2.661598e+00 -3.826362e+00
2.670074e+00 -3.825270e+00
2.678551e+00 -3.824187e+00
2.687027e+00 -3.823113e+00
2.695504e+00 -3.822048e+00
2.703980e+00 -3.820993e+00
2.712457e+00 -3.819946e+00
2.720933e+00 -3.818908e+00
2.729409e+00 -3.817878e+00
2.737886e+00 -3.816858e+00
2.746362e+00 -3.815847e+00
2.754839e+00 -3.814844e+00
2.763315e+00 -3.813850e+00
2.771791e+00 -3.812865e+00
2.780268e+00 -3.811888e+00
2.788744e+00 -3.810920e+00
2.797221e+00 -3.809961e+00
2.805697e+00 -3.809010e+00
2.814174e+00 -3.808068e+00
2.822650e+00 -3.807134e+00
2.831126e+00 -3.806208e+00
2.839603e+00 -3.805291e+00
2.848079e+00 -3.804382e+00
2.856556e+00 -3.803481e+00
2.865032e+00 -3.802589e+00
2.873509e+00 -3.801705e+00
2.881985e+00 -3.800829e+00
2.890461e+00 -3.799961e+00
2.898938e+00 -3.799101e+00
2.907414e+00 -3.798249e+00
2.915891e+00 -3.797404e+00
2.924367e+00 -3.796568e+00
2.932844e+00 -3.795739e+00
2.941320e+00 -3.794919e+00
2.949796e+00 -3.794106e+00
2.958273e+00 -3.793300e+00
2.966749e+00 -3.792502e+00
2.975226e+00 -3.791712e+00
2.983702e+00 -3.790929e+00
2.992179e+00 -3.790154e+00
3.000655e+00 -3.789386e+00
3.009131e+00 -3.788626e+00
3.017608e+00 -3.787872e+00
3.026084e+00 -3.787126e+00
3.034561e+00 -3.786388e+00
3.043037e+00 -3.785656e+00
3.051514e+00 -3.784931e+00
3.059990e+00 -3.784214e+00
3.068466e+00 -3.783503e+00
3.076943e+00 -3.782799e+00
3.085419e+00 -3.782102e+00
3.093896e+00 -3.781412e+00
3.102372e+00 -3.780729e+00
3.110849e+00 -3.780052e+00
3.119325e+00 -3.779382e+00
3.127801e+00 -3.778718e+00
3.136278e+00 -3.778061e+00
3.144754e+00 -3.777411e+00
3.153231e+00 -3.776766e+00
3.161707e+00 -3.776129e+00
3.170184e+00 -3.775497e+00
3.178660e+00 -3.774871e+00
3.187136e+00 -3.774252e+00
3.195613e+00 -3.773639e+00
3.204089e+00 -3.773032e+00
3.212566e+00 -3.772430e+00
3.221042e+00 -3.771835e+00
3.229519e+00 -3.771245e+00
3.237995e+00 -3.770661e+00
3.246471e+00 -3.770082e+00
3.254948e+00 -3.769509e+00
3.263424e+00 -3.768942e+00
3.271901e+00 -3.768379e+00
3.280377e+00 -3.767822e+00
3.288854e+00 -3.767271e+00
3.297330e+00 -3.766724e+00
3.305806e+00 -3.766182e+00
3.314283e+00 -3.765646e+00
3.322759e+00 -3.765114e+00
3.331236e+00 -3.764587e+00
3.339712e+00 -3.764064e+00
3.348188e+00 -3.763546e+00
3.356665e+00 -3.763033e+00
3.365141e+00 -3.762524e+00
3.373618e+00 -3.762019e+00
3.382094e+00 -3.761519e+00
3.390571e+00 -3.761022e+00
3.399047e+00 -3.760530e+00
3.407523e+00 -3.760041e+00
3.416000e+00 -3.759556e+00
3.424476e+00 -3.759075e+00
3.432953e+00 -3.758597e+00
3.441429e+00 -3.758123e+00
3.449906e+00 -3.757652e+00
3.458382e+00 -3.757185e+00
3.466858e+00 -3.756720e+00
3.475335e+00 -3.756259e+00
3.483811e+00 -3.755800e+00
3.492288e+00 -3.755344e+00
3.500764e+00 -3.754891e+00
3.509241e+00 -3.754441e+00
3.517717e+00 -3.753993e+00
3.526193e+00 -3.753547e+00
3.534670e+00 -3.753103e+00
3.543146e+00 -3.752662e+00
3.551623e+00 -3.752223e+00
3.560099e+00 -3.751785e+00
3.568576e+00 -3.751349e+00
3.577052e+00 -3.750915e+00
3.585528e+00 -3.750483e+00
3.594005e+00 -3.750051e+00
3.602481e+00 -3.749621e+00
3.610958e+00 -3.749192e+00
3.619434e+00 -3.748764e+00
3.627911e+00 -3.748337e+00
3.636387e+00 -3.747911e+00
3.644863e+00 -3.747485e+00
3.653340e+00 -3.747059e+00
3.661816e+00 -3.746634e+00
3.670293e+00 -3.746209e+00
3.678769e+00 -3.745784e+00
3.687246e+00 -3.745359e+00
3.695722e+00 -3.744934e+00
3.704198e+00 -3.744509e+00
3.712675e+00 -3.744083e+00
3.721151e+00 -3.743656e+00
3.729628e+00 -3.743228e+00
3.738104e+00 -3.742799e+00
3.746581e+00 -3.742370e+00
3.755057e+00 -3.741939e+00
3.763533e+00 -3.741507e+00
3.772010e+00 -3.741073e+00
3.780486e+00 -3.740637e+00
3.788963e+00 -3.740200e+00
3.797439e+00 -3.739760e+00
3.805916e+00 -3.739318e+00
3.814392e+00 -3.738875e+00
3.822868e+00 -3.738428e+00
3.831345e+00 -3.737979e+00
3.839821e+00 -3.737528e+00
3.848298e+00 -3.737073e+00
3.856774e+00 -3.736615e+00
3.865251e+00 -3.736155e+00
3.873727e+00 -3.735691e+00
3.882203e+00 -3.735223e+00
3.890680e+00 -3.734752e+00
3.899156e+00 -3.734277e+00
3.907633e+00 -3.733798e+00
3.916109e+00 -3.733315e+00
3.924585e+00 -3.732827e+00
3.933062e+00 -3.732336e+00
3.941538e+00 -3.731840e+00
3.950015e+00 -3.731339e+00
3.958491e+00 -3.730833e+00
3.966968e+00 -3.730322e+00
3.975444e+00 -3.729806e+00
3.983920e+00 -3.729285e+00
3.992397e+00 -3.728759e+00
4.000873e+00 -3.728227e+00
4.009350e+00 -3.727689e+00
4.017826e+00 -3.727146e+00
4.026303e+00 -3.726596e+00
4.034779e+00 -3.726041e+00
4.043255e+00 -3.725479e+00
4.051732e+00 -3.724911e+00
4.060208e+00 -3.724336e+00
4.068685e+00 -3.723755e+00
4.077161e+00 -3.723166e+00
4.085638e+00 -3.722571e+00
4.094114e+00 -3.721969e+00
4.102590e+00 -3.721360e+00
4.111067e+00 -3.720744e+00
4.119543e+00 -3.720120e+00
4.128020e+00 -3.719488e+00
4.136496e+00 -3.718849e+00
4.144973e+00 -3.718203e+00
4.153449e+00 -3.717548e+00
4.161925e+00 -3.716885e+00
4.170402e+00 -3.716214e+00
4.178878e+00 -3.715535e+00
4.187355e+00 -3.714848e+00
4.195831e+00 -3.714152e+00
4.204308e+00 -3.713448e+00
4.212784e+00 -3.712735e+00
4.221260e+00 -3.712013e+00
4.229737e+00 -3.711283e+00
4.238213e+00 -3.710543e+00
4.246690e+00 -3.709795e+00
4.255166e+00 -3.709038e+00
4.263643e+00 -3.708271e+00
4.272119e+00 -3.707495e+00
4.280595e+00 -3.706710e+00
4.289072e+00 -3.705916e+00
4.297548e+00 -3.705112e+00
4.306025e+00 -3.704299e+00
4.314501e+00 -3.703476e+00
4.322978e+00 -3.702643e+00
4.331454e+00 -3.701801e+00
4.339930e+00 -3.700949e+00
4.348407e+00 -3.700087e+00
4.356883e+00 -3.699216e+00
4.365360e+00 -3.698334e+00
4.373836e+00 -3.697443e+00
4.382313e+00 -3.696542e+00
4.390789e+00 -3.695630e+00
4.399265e+00 -3.694709e+00
4.407742e+00 -3.693778e+00
4.416218e+00 -3.692837e+00
4.424695e+00 -3.691886e+00
4.433171e+00 -3.690924e+00
4.441648e+00 -3.689953e+00
4.450124e+00 -3.688971e+00
4.458600e+00 -3.687979e+00
4.467077e+00 -3.686978e+00
4.475553e+00 -3.685966e+00
4.484030e+00 -3.684944e+00
4.492506e+00 -3.683912e+00
4.500983e+00 -3.682870e+00
4.509459e+00 -3.681817e+00
4.517935e+00 -3.680755e+00
4.526412e+00 -3.679683e+00
4.534888e+00 -3.678601e+00
4.543365e+00 -3.677509e+00
4.551841e+00 -3.676407e+00
4.560317e+00 -3.675295e+00
4.568794e+00 -3.674173e+00
4.577270e+00 -3.673042e+00
4.585747e+00 -3.671900e+00
4.594223e+00 -3.670750e+00
4.602700e+00 -3.669589e+00
4.611176e+00 -3.668419e+00
4.619652e+00 -3.667240e+00
4.628129e+00 -3.666051e+00
4.636605e+00 -3.664853e+00
4.645082e+00 -3.663645e+00
4.653558e+00 -3.662429e+00
4.662035e+00 -3.661203e+00
4.670511e+00 -3.659968e+00
4.678987e+00 -3.658725e+00
4.687464e+00 -3.657472e+00
4.695940e+00 -3.656211e+00
4.704417e+00 -3.654941e+00
4.712893e+00 -3.653662e+00
4.721370e+00 -3.652375e+00
4.729846e+00 -3.651080e+00
4.738322e+00 -3.649777e+00
4.746799e+00 -3.648465e+00
4.755275e+00 -3.647145e+00
4.763752e+00 -3.645818e+00
4.772228e+00 -3.644482e+00
4.780705e+00 -3.643139e+00
4.789181e+00 -3.641789e+00
4.797657e+00 -3.640431e+00
4.806134e+00 -3.639066e+00
4.814610e+00 -3.637693e+00
4.823087e+00 -3.636314e+00
4.831563e+00 -3.634927e+00
4.840040e+00 -3.633534e+00
4.848516e+00 -3.632134e+00
4.856992e+00 -3.630728e+00
4.865469e+00 -3.629315e+00
4.873945e+00 -3.627896e+00
4.882422e+00 -3.626471e+00
4.890898e+00 -3.625040e+00
4.899375e+00 -3.623603e+00
4.907851e+00 -3.622161e+00
4.916327e+00 -3.620713e+00
4.924804e+00 -3.619259e+00
4.933280e+00 -3.617801e+00
4.941757e+00 -3.616337e+00
4.950233e+00 -3.614868e+00
4.958710e+00 -3.613395e+00
4.967186e+00 -3.611917e+00
4.975662e+00 -3.610435e+00
4.984139e+00 -3.608948e+00
4.992615e+00 -3.607457e+00
5.001092e+00 -3.605962e+00
5.009568e+00 -3.604463e+00
5.018045e+00 -3.602960e+00
5.026521e+00 -3.601454e+00
5.034997e+00 -3.599944e+00
5.043474e+00 -3.598431e+00
5.051950e+00 -3.596915e+00
5.060427e+00 -3.595396e+00
5.068903e+00 -3.593873e+00
5.077380e+00 -3.592349e+00
5.085856e+00 -3.590821e+00
5.094332e+00 -3.589291e+00
5.102809e+00 -3.587759e+00
5.111285e+00 -3.586224e+00
5.119762e+00 -3.584688e+00
5.128238e+00 -3.583149e+00
5.136714e+00 -3.581609e+00
5.145191e+00 -3.580067e+00
5.153667e+00 -3.578524e+00
5.162144e+00 -3.576979e+00
5.170620e+00 -3.575432e+00
5.179097e+00 -3.573885e+00
5.187573e+00 -3.572336e+00
5.196049e+00 -3.570786e+00
5.204526e+00 -3.569236e+00
5.213002e+00 -3.567684e+00
5.221479e+00 -3.566132e+00
5.229955e+00 -3.564579e+00
5.238432e+00 -3.563025e+00
5.246908e+00 -3.561471e+00
5.255384e+00 -3.559917e+00
5.263861e+00 -3.558362e+00
5.272337e+00 -3.556807e+00
5.280814e+00 -3.555251e+00
5.289290e+00 -3.553695e+00
5.297767e+00 -3.552139e+00
5.306243e+00 -3.550583e+00
5.314719e+00 -3.549027e+00
5.323196e+00 -3.547471e+00
5.331672e+00 -3.545914e+00
5.340149e+00 -3.544358e+00
5.348625e+00 -3.542801e+00
5.357102e+00 -3.541244e+00
5.365578e+00 -3.539688e+00
5.374054e+00 -3.538131e+00
5.382531e+00 -3.536574e+00
5.391007e+00 -3.535017e+00
5.399484e+00 -3.533459e+00
5.407960e+00 -3.531902e+00
5.416437e+00 -3.530344e+00
5.424913e+00 -3.528786e+00
5.433389e+00 -3.527227e+00
5.441866e+00 -3.525668e+00
5.450342e+00 -3.524108e+00
5.458819e+00 -3.522548e+00
5.467295e+00 -3.520987e+00
5.475772e+00 -3.519425e+00
5.484248e+00 -3.517862e+00
5.492724e+00 -3.516298e+00
5.501201e+00 -3.514733e+00
5.509677e+00 -3.513166e+00
5.518154e+00 -3.511597e+00
5.526630e+00 -3.510027e+00
5.535107e+00 -3.508455e+00
5.543583e+00 -3.506881e+00
5.552059e+00 -3.505305e+00
5.560536e+00 -3.503726e+00
5.569012e+00 -3.502144e+00
5.577489e+00 -3.500559e+00
5.585965e+00 -3.498971e+00
5.594442e+00 -3.497380e+00
5.602918e+00 -3.495785e+00
5.611394e+00 -3.494185e+00
5.619871e+00 -3.492581e+00
5.628347e+00 -3.490973e+00
5.636824e+00 -3.489359e+00
5.645300e+00 -3.487740e+00
5.653777e+00 -3.486115e+00
5.662253e+00 -3.484483e+00
5.670729e+00 -3.482845e+00
5.679206e+00 -3.481200e+00
5.687682e+00 -3.479548e+00
5.696159e+00 -3.477887e+00
5.704635e+00 -3.476218e+00
5.713112e+00 -3.474540e+00
5.721588e+00 -3.472852e+00
5.730064e+00 -3.471154e+00
5.738541e+00 -3.469445e+00
5.747017e+00 -3.467724e+00
5.755494e+00 -3.465992e+00
5.763970e+00 -3.464246e+00
5.772446e+00 -3.462487e+00
5.780923e+00 -3.460714e+00
5.789399e+00 -3.458926e+00
5.797876e+00 -3.457122e+00
5.806352e+00 -3.455302e+00
5.814829e+00 -3.453464e+00
5.823305e+00 -3.451607e+00
5.831781e+00 -3.449732e+00
5.840258e+00 -3.447836e+00
5.848734e+00 -3.445919e+00
5.857211e+00 -3.443980e+00
5.865687e+00 -3.442018e+00
5.874164e+00 -3.440031e+00
5.882640e+00 -3.438019e+00
5.891116e+00 -3.435981e+00
5.899593e+00 -3.433915e+00
5.908069e+00 -3.431821e+00
5.916546e+00 -3.429696e+00
5.925022e+00 -3.427541e+00
5.933499e+00 -3.425354e+00
5.941975e+00 -3.423134e+00
5.950451e+00 -3.420879e+00
5.958928e+00 -3.418588e+00
5.967404e+00 -3.416261e+00
5.975881e+00 -3.413896e+00
5.984357e+00 -3.411493e+00
5.992834e+00 -3.409049e+00
6.001310e+00 -3.406564e+00
6.009786e+00 -3.404037e+00
6.018263e+00 -3.401467e+00
6.026739e+00 -3.398854e+00
6.035216e+00 -3.396195e+00
6.043692e+00 -3.393491e+00
6.052169e+00 -3.390740e+00
6.060645e+00 -3.387943e+00
6.069121e+00 -3.385098e+00
6.077598e+00 -3.382205e+00
6.086074e+00 -3.379264e+00
6.094551e+00 -3.376275e+00
6.103027e+00 -3.373236e+00
6.111504e+00 -3.370150e+00
6.119980e+00 -3.367014e+00
6.128456e+00 -3.363831e+00
6.136933e+00 -3.360600e+00
6.145409e+00 -3.357321e+00
6.153886e+00 -3.353996e+00
6.162362e+00 -3.350626e+00
6.170839e+00 -3.347211e+00
6.179315e+00 -3.343753e+00
6.187791e+00 -3.340253e+00
6.196268e+00 -3.336712e+00
6.204744e+00 -3.333133e+00
6.213221e+00 -3.329516e+00
6.221697e+00 -3.325865e+00
6.230174e+00 -3.322182e+00
6.238650e+00 -3.318468e+00
6.247126e+00 -3.314726e+00
6.255603e+00 -3.310959e+00
6.264079e+00 -3.307170e+00
6.272556e+00 -3.303362e+00
6.281032e+00 -3.299537e+00
6.289509e+00 -3.295699e+00
6.297985e+00 -3.291852e+00
6.306461e+00 -3.287998e+00
6.314938e+00 -3.284142e+00
6.323414e+00 -3.280286e+00
6.331891e+00 -3.276435e+00
6.340367e+00 -3.272592e+00
6.348843e+00 -3.268761e+00
6.357320e+00 -3.264946e+00
6.365796e+00 -3.261151e+00
6.374273e+00 -3.257380e+00
6.382749e+00 -3.253636e+00
6.391226e+00 -3.249923e+00
6.399702e+00 -3.246245e+00
6.408178e+00 -3.242606e+00
6.416655e+00 -3.239009e+00
6.425131e+00 -3.235458e+00
6.433608e+00 -3.231956e+00
6.442084e+00 -3.228507e+00
6.450561e+00 -3.225113e+00
6.459037e+00 -3.221777e+00
6.467513e+00 -3.218502e+00
6.475990e+00 -3.215290e+00
6.484466e+00 -3.212142e+00
6.492943e+00 -3.209062e+00
6.501419e+00 -3.206048e+00
6.509896e+00 -3.203103e+00
6.518372e+00 -3.200225e+00
6.526848e+00 -3.197416e+00
6.535325e+00 -3.194672e+00
6.543801e+00 -3.191993e+00
6.552278e+00 -3.189375e+00
6.560754e+00 -3.186816e+00
6.569231e+00 -3.184309e+00
6.577707e+00 -3.181849e+00
6.586183e+00 -3.179428e+00
6.594660e+00 -3.177039e+00
6.603136e+00 -3.174671e+00
6.611613e+00 -3.172312e+00
6.620089e+00 -3.169949e+00
6.628566e+00 -3.167567e+00
6.637042e+00 -3.165147e+00
6.645518e+00 -3.162671e+00
6.653995e+00 -3.160115e+00
6.662471e+00 -3.157458e+00
6.670948e+00 -3.154671e+00
6.679424e+00 -3.151726e+00
6.687901e+00 -3.148591e+00
6.696377e+00 -3.145234e+00
6.704853e+00 -3.141620e+00
6.713330e+00 -3.137710e+00
6.721806e+00 -3.133467e+00
6.730283e+00 -3.128851e+00
6.738759e+00 -3.123824e+00
6.747236e+00 -3.118346e+00
6.755712e+00 -3.112380e+00
6.764188e+00 -3.105889e+00
6.772665e+00 -3.098842e+00
6.781141e+00 -3.091208e+00
6.789618e+00 -3.082964e+00
6.798094e+00 -3.074090e+00
6.806571e+00 -3.064572e+00
6.815047e+00 -3.054404e+00
6.823523e+00 -3.043586e+00
6.832000e+00 -3.032122e+00
6.840476e+00 -3.020026e+00
6.848953e+00 -3.007316e+00
6.857429e+00 -2.994016e+00
6.865906e+00 -2.980155e+00
6.874382e+00 -2.965766e+00
6.882858e+00 -2.950885e+00
6.891335e+00 -2.935551e+00
6.899811e+00 -2.919804e+00
6.908288e+00 -2.903684e+00
6.916764e+00 -2.887231e+00
6.925241e+00 -2.870487e+00
6.933717e+00 -2.853490e+00
6.942193e+00 -2.836277e+00
6.950670e+00 -2.818884e+00
6.959146e+00 -2.801344e+00
6.967623e+00 -2.783690e+00
6.976099e+00 -2.765949e+00
6.984575e+00 -2.748148e+00
6.993052e+00 -2.730313e+00
