0.000000e+00 -1.600000e+01
5.886015e-03 -7.220953e+00
1.177203e-02 -6.619932e+00
1.765804e-02 -6.269140e+00
2.354406e-02 -6.020678e+00
2.943007e-02 -5.828089e+00
3.531609e-02 -5.670722e+00
4.120210e-02 -5.537657e+00
4.708812e-02 -5.422432e+00
5.297413e-02 -5.320884e+00
5.886015e-02 -5.230158e+00
6.474616e-02 -5.148204e+00
7.063218e-02 -5.073505e+00
7.651819e-02 -5.004910e+00
8.240421e-02 -4.941522e+00
8.829022e-02 -4.882626e+00
9.417624e-02 -4.827645e+00
1.000622e-01 -4.776108e+00
1.059483e-01 -4.727628e+00
1.118343e-01 -4.681877e+00
1.177203e-01 -4.638579e+00
1.236063e-01 -4.597496e+00
1.294923e-01 -4.558426e+00
1.353783e-01 -4.521191e+00
1.412644e-01 -4.485638e+00
1.471504e-01 -4.451629e+00
1.530364e-01 -4.419046e+00
1.589224e-01 -4.387783e+00
1.648084e-01 -4.357743e+00
1.706944e-01 -4.328843e+00
1.765804e-01 -4.301007e+00
1.824665e-01 -4.274164e+00
1.883525e-01 -4.248254e+00
1.942385e-01 -4.223219e+00
2.001245e-01 -4.199009e+00
2.060105e-01 -4.175576e+00
2.118965e-01 -4.152878e+00
2.177825e-01 -4.130875e+00
2.236686e-01 -4.109532e+00
2.295546e-01 -4.088814e+00
2.354406e-01 -4.068692e+00
2.413266e-01 -4.049137e+00
2.472126e-01 -4.030121e+00
2.530986e-01 -4.011622e+00
2.589846e-01 -3.993616e+00
2.648707e-01 -3.976081e+00
2.707567e-01 -3.958999e+00
2.766427e-01 -3.942349e+00
2.825287e-01 -3.926115e+00
2.884147e-01 -3.910281e+00
2.943007e-01 -3.894830e+00
3.001867e-01 -3.879749e+00
3.060728e-01 -3.865024e+00
3.119588e-01 -3.850642e+00
3.178448e-01 -3.836591e+00
3.237308e-01 -3.822859e+00
3.296168e-01 -3.809435e+00
3.355028e-01 -3.796309e+00
3.413889e-01 -3.783471e+00
3.472749e-01 -3.770911e+00
3.531609e-01 -3.758622e+00
3.590469e-01 -3.746593e+00
3.649329e-01 -3.734817e+00
3.708189e-01 -3.723287e+00
3.767049e-01 -3.711995e+00
3.825910e-01 -3.700934e+00
3.884770e-01 -3.690097e+00
3.943630e-01 -3.679477e+00
4.002490e-01 -3.669069e+00
4.061350e-01 -3.658867e+00
4.120210e-01 -3.648865e+00
4.179070e-01 -3.639058e+00
4.237931e-01 -3.629439e+00
4.296791e-01 -3.620005e+00
4.355651e-01 -3.610751e+00
4.414511e-01 -3.601671e+00
4.473371e-01 -3.592762e+00
4.532231e-01 -3.584019e+00
4.591091e-01 -3.575438e+00
4.649952e-01 -3.567014e+00
4.708812e-01 -3.558745e+00
4.767672e-01 -3.550626e+00
4.826532e-01 -3.542653e+00
4.885392e-01 -3.534823e+00
4.944252e-01 -3.527133e+00
5.003112e-01 -3.519580e+00
5.061973e-01 -3.512159e+00
5.120833e-01 -3.504869e+00
5.179693e-01 -3.497705e+00
5.238553e-01 -3.490665e+00
5.297413e-01 -3.483747e+00
5.356273e-01 -3.476947e+00
5.415134e-01 -3.470262e+00
5.473994e-01 -3.463690e+00
5.532854e-01 -3.457228e+00
5.591714e-01 -3.450875e+00
5.650574e-01 -3.444626e+00
5.709434e-01 -3.438480e+00
5.768294e-01 -3.432435e+00
5.827155e-01 -3.426489e+00
5.886015e-01 -3.420638e+00
5.944875e-01 -3.414881e+00
6.003735e-01 -3.409215e+00
6.062595e-01 -3.403639e+00
6.121455e-01 -3.398151e+00
6.180315e-01 -3.392748e+00
6.239176e-01 -3.387428e+00
6.298036e-01 -3.382190e+00
6.356896e-01 -3.377032e+00
6.415756e-01 -3.371952e+00
6.474616e-01 -3.366947e+00
6.533476e-01 -3.362017e+00
6.592336e-01 -3.357159e+00
6.651197e-01 -3.352372e+00
6.710057e-01 -3.347654e+00
6.768917e-01 -3.343003e+00
6.827777e-01 -3.338418e+00
6.886637e-01 -3.333898e+00
6.945497e-01 -3.329439e+00
7.004357e-01 -3.325042e+00
7.063218e-01 -3.320704e+00
7.122078e-01 -3.316424e+00
7.180938e-01 -3.312200e+00
7.239798e-01 -3.308032e+00
7.298658e-01 -3.303916e+00
7.357518e-01 -3.299853e+00
7.416379e-01 -3.295841e+00
7.475239e-01 -3.291878e+00
7.534099e-01 -3.287963e+00
7.592959e-01 -3.284094e+00
7.651819e-01 -3.280271e+00
7.710679e-01 -3.276492e+00
7.769539e-01 -3.272755e+00
7.828400e-01 -3.269060e+00
7.887260e-01 -3.265405e+00
7.946120e-01 -3.261789e+00
8.004980e-01 -3.258211e+00
8.063840e-01 -3.254670e+00
8.122700e-01 -3.251164e+00
8.181560e-01 -3.247692e+00
8.240421e-01 -3.244254e+00
8.299281e-01 -3.240848e+00
8.358141e-01 -3.237473e+00
8.417001e-01 -3.234128e+00
8.475861e-01 -3.230812e+00
8.534721e-01 -3.227523e+00
8.593581e-01 -3.224262e+00
8.652442e-01 -3.221027e+00
8.711302e-01 -3.217817e+00
8.770162e-01 -3.214631e+00
8.829022e-01 -3.211468e+00
8.887882e-01 -3.208327e+00
8.946742e-01 -3.205208e+00
9.005602e-01 -3.202109e+00
9.064463e-01 -3.199030e+00
9.123323e-01 -3.195970e+00
9.182183e-01 -3.192928e+00
9.241043e-01 -3.189903e+00
9.299903e-01 -3.186895e+00
9.358763e-01 -3.183903e+00
9.417624e-01 -3.180926e+00
9.476484e-01 -3.177963e+00
9.535344e-01 -3.175014e+00
9.594204e-01 -3.172079e+00
9.653064e-01 -3.169156e+00
9.711924e-01 -3.166245e+00
9.770784e-01 -3.163345e+00
9.829645e-01 -3.160456e+00
9.888505e-01 -3.157577e+00
9.947365e-01 -3.154709e+00
1.000622e+00 -3.151850e+00
1.006509e+00 -3.148999e+00
1.012395e+00 -3.146157e+00
1.018281e+00 -3.143324e+00
1.024167e+00 -3.140498e+00
1.030053e+00 -3.137679e+00
1.035939e+00 -3.134868e+00
1.041825e+00 -3.132063e+00
1.047711e+00 -3.129265e+00
1.053597e+00 -3.126473e+00
1.059483e+00 -3.123686e+00
1.065369e+00 -3.120906e+00
1.071255e+00 -3.118131e+00
1.077141e+00 -3.115361e+00
1.083027e+00 -3.112596e+00
1.088913e+00 -3.109836e+00
1.094799e+00 -3.107081e+00
1.100685e+00 -3.104331e+00
1.106571e+00 -3.101585e+00
1.112457e+00 -3.098844e+00
1.118343e+00 -3.096107e+00
1.124229e+00 -3.093374e+00
1.130115e+00 -3.090646e+00
1.136001e+00 -3.087922e+00
1.141887e+00 -3.085202e+00
1.147773e+00 -3.082486e+00
1.153659e+00 -3.079775e+00
1.159545e+00 -3.077068e+00
1.165431e+00 -3.074366e+00
1.171317e+00 -3.071668e+00
1.177203e+00 -3.068974e+00
1.183089e+00 -3.066285e+00
1.188975e+00 -3.063600e+00
1.194861e+00 -3.060920e+00
1.200747e+00 -3.058245e+00
1.206633e+00 -3.055575e+00
1.212519e+00 -3.052910e+00
1.218405e+00 -3.050249e+00
1.224291e+00 -3.047595e+00
1.230177e+00 -3.044945e+00
1.236063e+00 -3.042301e+00
1.241949e+00 -3.039663e+00
1.247835e+00 -3.037030e+00
1.253721e+00 -3.034403e+00
1.259607e+00 -3.031783e+00
1.265493e+00 -3.029169e+00
1.271379e+00 -3.026560e+00
1.277265e+00 -3.023959e+00
1.283151e+00 -3.021364e+00
1.289037e+00 -3.018776e+00
1.294923e+00 -3.016195e+00
1.300809e+00 -3.013621e+00
1.306695e+00 -3.011055e+00
1.312581e+00 -3.008496e+00
1.318467e+00 -3.005944e+00
1.324353e+00 -3.003401e+00
1.330239e+00 -3.000865e+00
1.336125e+00 -2.998337e+00
1.342011e+00 -2.995818e+00
1.347897e+00 -2.993307e+00
1.353783e+00 -2.990804e+00
1.359669e+00 -2.988311e+00
1.365555e+00 -2.985826e+00
1.371441e+00 -2.983350e+00
1.377327e+00 -2.980883e+00
1.383213e+00 -2.978426e+00
1.389099e+00 -2.975978e+00
1.394985e+00 -2.973540e+00
1.400871e+00 -2.971111e+00
1.406758e+00 -2.968692e+00
1.412644e+00 -2.966284e+00
1.418530e+00 -2.963885e+00
1.424416e+00 -2.961496e+00
1.430302e+00 -2.959118e+00
1.436188e+00 -2.956750e+00
1.442074e+00 -2.954392e+00
1.447960e+00 -2.952045e+00
1.453846e+00 -2.949709e+00
1.459732e+00 -2.947384e+00
1.465618e+00 -2.945069e+00
1.471504e+00 -2.942766e+00
1.477390e+00 -2.940473e+00
1.483276e+00 -2.938191e+00
1.489162e+00 -2.935921e+00
1.495048e+00 -2.933662e+00
1.500934e+00 -2.931414e+00
1.506820e+00 -2.929177e+00
1.512706e+00 -2.926952e+00
1.518592e+00 -2.924738e+00
1.524478e+00 -2.922536e+00
1.530364e+00 -2.920345e+00
1.536250e+00 -2.918166e+00
1.542136e+00 -2.915998e+00
1.548022e+00 -2.913842e+00
1.553908e+00 -2.911698e+00
1.559794e+00 -2.909565e+00
1.565680e+00 -2.907444e+00
1.571566e+00 -2.905334e+00
1.577452e+00 -2.903236e+00
1.583338e+00 -2.901150e+00
1.589224e+00 -2.899076e+00
1.595110e+00 -2.897013e+00
1.600996e+00 -2.894962e+00
1.606882e+00 -2.892922e+00
1.612768e+00 -2.890894e+00
1.618654e+00 -2.888877e+00
1.624540e+00 -2.886873e+00
1.630426e+00 -2.884879e+00
1.636312e+00 -2.882897e+00
1.642198e+00 -2.880927e+00
1.648084e+00 -2.878968e+00
1.653970e+00 -2.877021e+00
1.659856e+00 -2.875084e+00
1.665742e+00 -2.873160e+00
1.671628e+00 -2.871246e+00
1.677514e+00 -2.869344e+00
1.683400e+00 -2.867452e+00
1.689286e+00 -2.865572e+00
1.695172e+00 -2.863703e+00
1.701058e+00 -2.861845e+00
1.706944e+00 -2.859998e+00
1.712830e+00 -2.858162e+00
1.718716e+00 -2.856336e+00
1.724602e+00 -2.854522e+00
1.730488e+00 -2.852718e+00
1.736374e+00 -2.850925e+00
1.742260e+00 -2.849142e+00
1.748146e+00 -2.847370e+00
1.754032e+00 -2.845608e+00
1.759918e+00 -2.843857e+00
1.765804e+00 -2.842116e+00
1.771690e+00 -2.840385e+00
1.777576e+00 -2.838665e+00
1.783462e+00 -2.836954e+00
1.789348e+00 -2.835254e+00
1.795234e+00 -2.833563e+00
1.801120e+00 -2.831883e+00
1.807007e+00 -2.830212e+00
1.812893e+00 -2.828551e+00
1.818779e+00 -2.826900e+00
1.824665e+00 -2.825258e+00
1.830551e+00 -2.823626e+00
1.836437e+00 -2.822003e+00
1.842323e+00 -2.820390e+00
1.848209e+00 -2.818786e+00
1.854095e+00 -2.817191e+00
1.859981e+00 -2.815605e+00
1.865867e+00 -2.814028e+00
1.871753e+00 -2.812461e+00
1.877639e+00 -2.810902e+00
1.883525e+00 -2.809352e+00
1.889411e+00 -2.807811e+00
1.895297e+00 -2.806279e+00
1.901183e+00 -2.804755e+00
1.907069e+00 -2.803240e+00
1.912955e+00 -2.801734e+00
1.918841e+00 -2.800236e+00
1.924727e+00 -2.798746e+00
1.930613e+00 -2.797265e+00
1.936499e+00 -2.795791e+00
1.942385e+00 -2.794326e+00
1.948271e+00 -2.792869e+00
1.954157e+00 -2.791420e+00
1.960043e+00 -2.789979e+00
1.965929e+00 -2.788546e+00
1.971815e+00 -2.787121e+00
1.977701e+00 -2.785704e+00
1.983587e+00 -2.784294e+00
1.989473e+00 -2.782892e+00
1.995359e+00 -2.781497e+00
2.001245e+00 -2.780110e+00
2.007131e+00 -2.778730e+00
2.013017e+00 -2.777358e+00
2.018903e+00 -2.775993e+00
2.024789e+00 -2.774636e+00
2.030675e+00 -2.773286e+00
2.036561e+00 -2.771942e+00
2.042447e+00 -2.770606e+00
2.048333e+00 -2.769278e+00
2.054219e+00 -2.767956e+00
2.060105e+00 -2.766641e+00
2.065991e+00 -2.765333e+00
2.071877e+00 -2.764031e+00
2.077763e+00 -2.762737e+00
2.083649e+00 -2.761450e+00
2.089535e+00 -2.760169e+00
2.095421e+00 -2.758895e+00
2.101307e+00 -2.757627e+00
2.107193e+00 -2.756366e+00
2.113079e+00 -2.755112e+00
2.118965e+00 -2.753864e+00
2.124851e+00 -2.752623e+00
2.130737e+00 -2.751388e+00
2.136623e+00 -2.750159e+00
2.142509e+00 -2.748937e+00
2.148395e+00 -2.747721e+00
2.154281e+00 -2.746511e+00
2.160167e+00 -2.745308e+00
2.166053e+00 -2.744111e+00
2.171939e+00 -2.742920e+00
2.177825e+00 -2.741735e+00
2.183711e+00 -2.740556e+00
2.189597e+00 -2.739384e+00
2.195483e+00 -2.738217e+00
2.201369e+00 -2.737056e+00
2.207256e+00 -2.735902e+00
2.213142e+00 -2.734753e+00
2.219028e+00 -2.733610e+00
2.224914e+00 -2.732473e+00
2.230800e+00 -2.731342e+00
2.236686e+00 -2.730217e+00
2.242572e+00 -2.729098e+00
2.248458e+00 -2.727984e+00
2.254344e+00 -2.726876e+00
2.260230e+00 -2.725774e+00
2.266116e+00 -2.724678e+00
2.272002e+00 -2.723587e+00
2.277888e+00 -2.722502e+00
2.283774e+00 -2.721423e+00
2.289660e+00 -2.720349e+00
2.295546e+00 -2.719281e+00
2.301432e+00 -2.718218e+00
2.307318e+00 -2.717161e+00
2.313204e+00 -2.716110e+00
2.319090e+00 -2.715064e+00
2.324976e+00 -2.714023e+00
2.330862e+00 -2.712989e+00
2.336748e+00 -2.711959e+00
2.342634e+00 -2.710935e+00
2.348520e+00 -2.709916e+00
2.354406e+00 -2.708903e+00
2.360292e+00 -2.707895e+00
2.366178e+00 -2.706893e+00
2.372064e+00 -2.705896e+00
2.377950e+00 -2.704904e+00
2.383836e+00 -2.703917e+00
2.389722e+00 -2.702936e+00
2.395608e+00 -2.701960e+00
2.401494e+00 -2.700990e+00
2.407380e+00 -2.700025e+00
2.413266e+00 -2.699065e+00
2.419152e+00 -2.698110e+00
2.425038e+00 -2.697160e+00
2.430924e+00 -2.696216e+00
2.436810e+00 -2.695276e+00
2.442696e+00 -2.694342e+00
2.448582e+00 -2.693413e+00
2.454468e+00 -2.692490e+00
2.460354e+00 -2.691571e+00
2.466240e+00 -2.690657e+00
2.472126e+00 -2.689749e+00
2.478012e+00 -2.688846e+00
2.483898e+00 -2.687947e+00
2.489784e+00 -2.687054e+00
2.495670e+00 -2.686166e+00
2.501556e+00 -2.685283e+00
2.507442e+00 -2.684405e+00
2.513328e+00 -2.683532e+00
2.519214e+00 -2.682663e+00
2.525100e+00 -2.681800e+00
2.530986e+00 -2.680942e+00
2.536872e+00 -2.680089e+00
2.542758e+00 -2.679241e+00
2.548644e+00 -2.678397e+00
2.554530e+00 -2.677559e+00
2.560416e+00 -2.676726e+00
2.566302e+00 -2.675897e+00
2.572188e+00 -2.675073e+00
2.578074e+00 -2.674254e+00
2.583960e+00 -2.673440e+00
2.589846e+00 -2.672631e+00
2.595732e+00 -2.671827e+00
2.601618e+00 -2.671028e+00
2.607505e+00 -2.670233e+00
2.613391e+00 -2.669443e+00
2.619277e+00 -2.668658e+00
2.625163e+00 -2.667878e+00
2.631049e+00 -2.667102e+00
2.636935e+00 -2.666332e+00
2.642821e+00 -2.665566e+00
2.648707e+00 -2.664804e+00
2.654593e+00 -2.664048e+00
2.660479e+00 -2.663296e+00
2.666365e+00 -2.662549e+00
2.672251e+00 -2.661806e+00
2.678137e+00 -2.661069e+00
2.684023e+00 -2.660335e+00
2.689909e+00 -2.659607e+00
2.695795e+00 -2.658883e+00
2.701681e+00 -2.658164e+00
2.707567e+00 -2.657449e+00
2.713453e+00 -2.656739e+00
2.719339e+00 -2.656034e+00
2.725225e+00 -2.655333e+00
2.731111e+00 -2.654637e+00
2.736997e+00 -2.653945e+00
2.742883e+00 -2.653258e+00
2.748769e+00 -2.652575e+00
2.754655e+00 -2.651897e+00
2.760541e+00 -2.651223e+00
2.766427e+00 -2.650554e+00
2.772313e+00 -2.649889e+00
2.778199e+00 -2.649229e+00
2.784085e+00 -2.648573e+00
2.789971e+00 -2.647922e+00
2.795857e+00 -2.647275e+00
2.801743e+00 -2.646632e+00
2.807629e+00 -2.645994e+00
2.813515e+00 -2.645360e+00
2.819401e+00 -2.644730e+00
2.825287e+00 -2.644105e+00
2.831173e+00 -2.643484e+00
2.837059e+00 -2.642868e+00
2.842945e+00 -2.642256e+00
2.848831e+00 -2.641648e+00
2.854717e+00 -2.641044e+00
2.860603e+00 -2.640444e+00
2.866489e+00 -2.639849e+00
2.872375e+00 -2.639258e+00
2.878261e+00 -2.638671e+00
2.884147e+00 -2.638089e+00
2.890033e+00 -2.637510e+00
2.895919e+00 -2.636936e+00
2.901805e+00 -2.636366e+00
2.907691e+00 -2.635800e+00
2.913577e+00 -2.635238e+00
2.919463e+00 -2.634680e+00
2.925349e+00 -2.634126e+00
2.931235e+00 -2.633576e+00
2.937121e+00 -2.633030e+00
2.943007e+00 -2.632489e+00
2.948893e+00 -2.631951e+00
2.954779e+00 -2.631417e+00
2.960665e+00 -2.630887e+00
2.966551e+00 -2.630362e+00
2.972437e+00 -2.629840e+00
2.978323e+00 -2.629322e+00
2.984209e+00 -2.628808e+00
2.990095e+00 -2.628297e+00
2.995981e+00 -2.627791e+00
3.001867e+00 -2.627288e+00
3.007754e+00 -2.626790e+00
3.013640e+00 -2.626295e+00
3.019526e+00 -2.625804e+00
3.025412e+00 -2.625316e+00
3.031298e+00 -2.624833e+00
3.037184e+00 -2.624353e+00
3.043070e+00 -2.623877e+00
3.048956e+00 -2.623404e+00
3.054842e+00 -2.622935e+00
3.060728e+00 -2.622470e+00
3.066614e+00 -2.622009e+00
3.072500e+00 -2.621551e+00
3.078386e+00 -2.621097e+00
3.084272e+00 -2.620646e+00
3.090158e+00 -2.620199e+00
3.096044e+00 -2.619756e+00
3.101930e+00 -2.619315e+00
3.107816e+00 -2.618879e+00
3.113702e+00 -2.618446e+00
3.119588e+00 -2.618016e+00
3.125474e+00 -2.617590e+00
3.131360e+00 -2.617168e+00
3.137246e+00 -2.616748e+00
3.143132e+00 -2.616332e+00
3.149018e+00 -2.615920e+00
3.154904e+00 -2.615511e+00
3.160790e+00 -2.615105e+00
3.166676e+00 -2.614702e+00
3.172562e+00 -2.614303e+00
3.178448e+00 -2.613907e+00
3.184334e+00 -2.613514e+00
3.190220e+00 -2.613125e+00
3.196106e+00 -2.612738e+00
3.201992e+00 -2.612355e+00
3.207878e+00 -2.611975e+00
3.213764e+00 -2.611598e+00
3.219650e+00 -2.611224e+00
3.225536e+00 -2.610853e+00
3.231422e+00 -2.610485e+00
3.237308e+00 -2.610121e+00
3.243194e+00 -2.609759e+00
3.249080e+00 -2.609400e+00
3.254966e+00 -2.609044e+00
3.260852e+00 -2.608691e+00
3.266738e+00 -2.608341e+00
3.272624e+00 -2.607993e+00
3.278510e+00 -2.607649e+00
3.284396e+00 -2.607307e+00
3.290282e+00 -2.606968e+00
3.296168e+00 -2.606632e+00
3.302054e+00 -2.606298e+00
3.307940e+00 -2.605967e+00
3.313826e+00 -2.605639e+00
3.319712e+00 -2.605313e+00
3.325598e+00 -2.604990e+00
3.331484e+00 -2.604669e+00
3.337370e+00 -2.604351e+00
3.343256e+00 -2.604036e+00
3.349142e+00 -2.603723e+00
3.355028e+00 -2.603412e+00
3.360914e+00 -2.603103e+00
3.366800e+00 -2.602797e+00
3.372686e+00 -2.602494e+00
3.378572e+00 -2.602192e+00
3.384458e+00 -2.601893e+00
3.390344e+00 -2.601596e+00
3.396230e+00 -2.601301e+00
3.402116e+00 -2.601009e+00
3.408003e+00 -2.600718e+00
3.413889e+00 -2.600430e+00
3.419775e+00 -2.600143e+00
3.425661e+00 -2.599859e+00
3.431547e+00 -2.599576e+00
3.437433e+00 -2.599296e+00
3.443319e+00 -2.599017e+00
3.449205e+00 -2.598740e+00
3.455091e+00 -2.598465e+00
3.460977e+00 -2.598192e+00
3.466863e+00 -2.597920e+00
3.472749e+00 -2.597650e+00
3.478635e+00 -2.597382e+00
3.484521e+00 -2.597115e+00
3.490407e+00 -2.596850e+00
3.496293e+00 -2.596586e+00
3.502179e+00 -2.596324e+00
3.508065e+00 -2.596063e+00
3.513951e+00 -2.595804e+00
3.519837e+00 -2.595546e+00
3.525723e+00 -2.595289e+00
3.531609e+00 -2.595034e+00
3.537495e+00 -2.594780e+00
3.543381e+00 -2.594527e+00
3.549267e+00 -2.594275e+00
3.555153e+00 -2.594024e+00
3.561039e+00 -2.593774e+00
3.566925e+00 -2.593525e+00
3.572811e+00 -2.593277e+00
3.578697e+00 -2.593030e+00
3.584583e+00 -2.592784e+00
3.590469e+00 -2.592538e+00
3.596355e+00 -2.592294e+00
3.602241e+00 -2.592050e+00
3.608127e+00 -2.591806e+00
3.614013e+00 -2.591563e+00
3.619899e+00 -2.591321e+00
3.625785e+00 -2.591079e+00
3.631671e+00 -2.590838e+00
3.637557e+00 -2.590597e+00
3.643443e+00 -2.590356e+00
3.649329e+00 -2.590115e+00
3.655215e+00 -2.589875e+00
3.661101e+00 -2.589635e+00
3.666987e+00 -2.589395e+00
3.672873e+00 -2.589155e+00
3.678759e+00 -2.588915e+00
3.684645e+00 -2.588675e+00
3.690531e+00 -2.588435e+00
3.696417e+00 -2.588195e+00
3.702303e+00 -2.587954e+00
3.708189e+00 -2.587714e+00
3.714075e+00 -2.587473e+00
3.719961e+00 -2.587231e+00
3.725847e+00 -2.586989e+00
3.731733e+00 -2.586747e+00
3.737619e+00 -2.586504e+00
3.743505e+00 -2.586261e+00
3.749391e+00 -2.586017e+00
3.755277e+00 -2.585772e+00
3.761163e+00 -2.585526e+00
3.767049e+00 -2.585280e+00
3.772935e+00 -2.585032e+00
3.778821e+00 -2.584784e+00
3.784707e+00 -2.584535e+00
3.790593e+00 -2.584285e+00
3.796479e+00 -2.584033e+00
3.802365e+00 -2.583781e+00
3.808252e+00 -2.583527e+00
3.814138e+00 -2.583272e+00
3.820024e+00 -2.583015e+00
3.825910e+00 -2.582758e+00
3.831796e+00 -2.582498e+00
3.837682e+00 -2.582238e+00
3.843568e+00 -2.581975e+00
3.849454e+00 -2.581711e+00
3.855340e+00 -2.581446e+00
3.861226e+00 -2.581178e+00
3.867112e+00 -2.580909e+00
3.872998e+00 -2.580638e+00
3.878884e+00 -2.580365e+00
3.884770e+00 -2.580090e+00
3.890656e+00 -2.579814e+00
3.896542e+00 -2.579535e+00
3.902428e+00 -2.579254e+00
3.908314e+00 -2.578970e+00
3.914200e+00 -2.578685e+00
3.920086e+00 -2.578397e+00
3.925972e+00 -2.578107e+00
3.931858e+00 -2.577814e+00
3.937744e+00 -2.577519e+00
3.943630e+00 -2.577221e+00
3.949516e+00 -2.576921e+00
3.955402e+00 -2.576618e+00
3.961288e+00 -2.576312e+00
3.967174e+00 -2.576004e+00
3.973060e+00 -2.575693e+00
3.978946e+00 -2.575379e+00
3.984832e+00 -2.575062e+00
3.990718e+00 -2.574742e+00
3.996604e+00 -2.574419e+00
4.002490e+00 -2.574092e+00
4.008376e+00 -2.573763e+00
4.014262e+00 -2.573431e+00
4.020148e+00 -2.573095e+00
4.026034e+00 -2.572756e+00
4.031920e+00 -2.572413e+00
4.037806e+00 -2.572067e+00
4.043692e+00 -2.571718e+00
4.049578e+00 -2.571365e+00
4.055464e+00 -2.571008e+00
4.061350e+00 -2.570648e+00
4.067236e+00 -2.570284e+00
4.073122e+00 -2.569916e+00
4.079008e+00 -2.569545e+00
4.084894e+00 -2.569169e+00
4.090780e+00 -2.568790e+00
4.096666e+00 -2.568407e+00
4.102552e+00 -2.568020e+00
4.108438e+00 -2.567629e+00
4.114324e+00 -2.567233e+00
4.120210e+00 -2.566834e+00
4.126096e+00 -2.566430e+00
4.131982e+00 -2.566022e+00
4.137868e+00 -2.565610e+00
4.143754e+00 -2.565193e+00
4.149640e+00 -2.564772e+00
4.155526e+00 -2.564347e+00
4.161412e+00 -2.563917e+00
4.167298e+00 -2.563483e+00
4.173184e+00 -2.563044e+00
4.179070e+00 -2.562601e+00
4.184956e+00 -2.562152e+00
4.190842e+00 -2.561700e+00
4.196728e+00 -2.561242e+00
4.202614e+00 -2.560780e+00
4.208501e+00 -2.560312e+00
4.214387e+00 -2.559840e+00
4.220273e+00 -2.559364e+00
4.226159e+00 -2.558882e+00
4.232045e+00 -2.558395e+00
4.237931e+00 -2.557903e+00
4.243817e+00 -2.557406e+00
4.249703e+00 -2.556904e+00
4.255589e+00 -2.556397e+00
4.261475e+00 -2.555885e+00
4.267361e+00 -2.555368e+00
4.273247e+00 -2.554845e+00
4.279133e+00 -2.554317e+00
4.285019e+00 -2.553784e+00
4.290905e+00 -2.553245e+00
4.296791e+00 -2.552702e+00
4.302677e+00 -2.552152e+00
4.308563e+00 -2.551598e+00
4.314449e+00 -2.551038e+00
4.320335e+00 -2.550472e+00
4.326221e+00 -2.549901e+00
4.332107e+00 -2.549324e+00
4.337993e+00 -2.548742e+00
4.343879e+00 -2.548155e+00
4.349765e+00 -2.547561e+00
4.355651e+00 -2.546962e+00
4.361537e+00 -2.546358e+00
4.367423e+00 -2.545748e+00
4.373309e+00 -2.545132e+00
4.379195e+00 -2.544510e+00
4.385081e+00 -2.543883e+00
4.390967e+00 -2.543250e+00
4.396853e+00 -2.542611e+00
4.402739e+00 -2.541967e+00
4.408625e+00 -2.541317e+00
4.414511e+00 -2.540660e+00
4.420397e+00 -2.539999e+00
4.426283e+00 -2.539331e+00
4.432169e+00 -2.538657e+00
4.438055e+00 -2.537978e+00
4.443941e+00 -2.537293e+00
4.449827e+00 -2.536602e+00
4.455713e+00 -2.535905e+00
4.461599e+00 -2.535202e+00
4.467485e+00 -2.534493e+00
4.473371e+00 -2.533779e+00
4.479257e+00 -2.533058e+00
4.485143e+00 -2.532332e+00
4.491029e+00 -2.531599e+00
4.496915e+00 -2.530861e+00
4.502801e+00 -2.530117e+00
4.508687e+00 -2.529367e+00
4.514573e+00 -2.528611e+00
4.520459e+00 -2.527849e+00
4.526345e+00 -2.527082e+00
4.532231e+00 -2.526308e+00
4.538117e+00 -2.525529e+00
4.544003e+00 -2.524743e+00
4.549889e+00 -2.523952e+00
4.555775e+00 -2.523155e+00
4.561661e+00 -2.522352e+00
4.567547e+00 -2.521543e+00
4.573433e+00 -2.520728e+00
4.579319e+00 -2.519907e+00
4.585205e+00 -2.519081e+00
4.591091e+00 -2.518248e+00
4.596977e+00 -2.517410e+00
4.602863e+00 -2.516566e+00
4.608750e+00 -2.515716e+00
4.614636e+00 -2.514861e+00
4.620522e+00 -2.513999e+00
4.626408e+00 -2.513132e+00
4.632294e+00 -2.512259e+00
4.638180e+00 -2.511380e+00
4.644066e+00 -2.510496e+00
4.649952e+00 -2.509606e+00
4.655838e+00 -2.508710e+00
4.661724e+00 -2.507808e+00
4.667610e+00 -2.506901e+00
4.673496e+00 -2.505988e+00
4.679382e+00 -2.505070e+00
4.685268e+00 -2.504145e+00
4.691154e+00 -2.503215e+00
4.697040e+00 -2.502280e+00
4.702926e+00 -2.501339e+00
4.708812e+00 -2.500393e+00
4.714698e+00 -2.499440e+00
4.720584e+00 -2.498483e+00
4.726470e+00 -2.497520e+00
4.732356e+00 -2.496551e+00
4.738242e+00 -2.495577e+00
4.744128e+00 -2.494598e+00
4.750014e+00 -2.493613e+00
4.755900e+00 -2.492623e+00
4.761786e+00 -2.491627e+00
4.767672e+00 -2.490626e+00
4.773558e+00 -2.489620e+00
4.779444e+00 -2.488609e+00
4.785330e+00 -2.487592e+00
4.791216e+00 -2.486570e+00
4.797102e+00 -2.485543e+00
4.802988e+00 -2.484511e+00
4.808874e+00 -2.483473e+00
4.814760e+00 -2.482431e+00
4.820646e+00 -2.481383e+00
4.826532e+00 -2.480330e+00
4.832418e+00 -2.479272e+00
4.838304e+00 -2.478210e+00
4.844190e+00 -2.477142e+00
4.850076e+00 -2.476069e+00
4.855962e+00 -2.474992e+00
4.861848e+00 -2.473909e+00
4.867734e+00 -2.472822e+00
4.873620e+00 -2.471730e+00
4.879506e+00 -2.470633e+00
4.885392e+00 -2.469531e+00
4.891278e+00 -2.468424e+00
4.897164e+00 -2.467313e+00
4.903050e+00 -2.466197e+00
4.908936e+00 -2.465077e+00
4.914822e+00 -2.463952e+00
4.920708e+00 -2.462822e+00
4.926594e+00 -2.461688e+00
4.932480e+00 -2.460549e+00
4.938366e+00 -2.459406e+00
4.944252e+00 -2.458259e+00
4.950138e+00 -2.457107e+00
4.956024e+00 -2.455951e+00
4.961910e+00 -2.454790e+00
4.967796e+00 -2.453625e+00
4.973682e+00 -2.452456e+00
4.979568e+00 -2.451282e+00
4.985454e+00 -2.450105e+00
4.991340e+00 -2.448923e+00
4.997226e+00 -2.447737e+00
5.003112e+00 -2.446547e+00
5.008998e+00 -2.445353e+00
5.014885e+00 -2.444155e+00
5.020771e+00 -2.442953e+00
5.026657e+00 -2.441748e+00
5.032543e+00 -2.440538e+00
5.038429e+00 -2.439324e+00
5.044315e+00 -2.438107e+00
5.050201e+00 -2.436885e+00
5.056087e+00 -2.435660e+00
5.061973e+00 -2.434431e+00
5.067859e+00 -2.433199e+00
5.073745e+00 -2.431963e+00
5.079631e+00 -2.430723e+00
5.085517e+00 -2.429480e+00
5.091403e+00 -2.428233e+00
5.097289e+00 -2.426983e+00
5.103175e+00 -2.425729e+00
5.109061e+00 -2.424472e+00
5.114947e+00 -2.423211e+00
5.120833e+00 -2.421947e+00
5.126719e+00 -2.420680e+00
5.132605e+00 -2.419410e+00
5.138491e+00 -2.418136e+00
5.144377e+00 -2.416859e+00
5.150263e+00 -2.415580e+00
5.156149e+00 -2.414297e+00
5.162035e+00 -2.413010e+00
5.167921e+00 -2.411721e+00
5.173807e+00 -2.410429e+00
5.179693e+00 -2.409134e+00
5.185579e+00 -2.407837e+00
5.191465e+00 -2.406536e+00
5.197351e+00 -2.405232e+00
5.203237e+00 -2.403926e+00
5.209123e+00 -2.402617e+00
5.215009e+00 -2.401306e+00
5.220895e+00 -2.399991e+00
5.226781e+00 -2.398675e+00
5.232667e+00 -2.397355e+00
5.238553e+00 -2.396034e+00
5.244439e+00 -2.394710e+00
5.250325e+00 -2.393383e+00
5.256211e+00 -2.392054e+00
5.262097e+00 -2.390723e+00
5.267983e+00 -2.389389e+00
5.273869e+00 -2.388054e+00
5.279755e+00 -2.386716e+00
5.285641e+00 -2.385376e+00
5.291527e+00 -2.384034e+00
5.297413e+00 -2.382690e+00
5.303299e+00 -2.381344e+00
5.309185e+00 -2.379996e+00
5.315071e+00 -2.378647e+00
5.320957e+00 -2.377295e+00
5.326843e+00 -2.375942e+00
5.332729e+00 -2.374587e+00
5.338615e+00 -2.373230e+00
5.344501e+00 -2.371872e+00
5.350387e+00 -2.370512e+00
5.356273e+00 -2.369151e+00
5.362159e+00 -2.367788e+00
5.368045e+00 -2.366424e+00
5.373931e+00 -2.365059e+00
5.379817e+00 -2.363692e+00
5.385703e+00 -2.362324e+00
5.391589e+00 -2.360954e+00
5.397475e+00 -2.359584e+00
5.403361e+00 -2.358213e+00
5.409247e+00 -2.356840e+00
5.415134e+00 -2.355467e+00
5.421020e+00 -2.354092e+00
5.426906e+00 -2.352717e+00
5.432792e+00 -2.351341e+00
5.438678e+00 -2.349964e+00
5.444564e+00 -2.348586e+00
5.450450e+00 -2.347208e+00
5.456336e+00 -2.345829e+00
5.462222e+00 -2.344450e+00
5.468108e+00 -2.343070e+00
5.473994e+00 -2.341690e+00
5.479880e+00 -2.340310e+00
5.485766e+00 -2.338929e+00
5.491652e+00 -2.337548e+00
5.497538e+00 -2.336167e+00
5.503424e+00 -2.334785e+00
5.509310e+00 -2.333404e+00
5.515196e+00 -2.332023e+00
5.521082e+00 -2.330641e+00
5.526968e+00 -2.329260e+00
5.532854e+00 -2.327879e+00
5.538740e+00 -2.326499e+00
5.544626e+00 -2.325119e+00
5.550512e+00 -2.323739e+00
5.556398e+00 -2.322359e+00
5.562284e+00 -2.320980e+00
5.568170e+00 -2.319602e+00
5.574056e+00 -2.318225e+00
5.579942e+00 -2.316848e+00
5.585828e+00 -2.315472e+00
5.591714e+00 -2.314097e+00
5.597600e+00 -2.312722e+00
5.603486e+00 -2.311349e+00
5.609372e+00 -2.309977e+00
5.615258e+00 -2.308606e+00
5.621144e+00 -2.307236e+00
5.627030e+00 -2.305867e+00
5.632916e+00 -2.304500e+00
5.638802e+00 -2.303134e+00
5.644688e+00 -2.301770e+00
5.650574e+00 -2.300407e+00
5.656460e+00 -2.299046e+00
5.662346e+00 -2.297687e+00
5.668232e+00 -2.296329e+00
5.674118e+00 -2.294973e+00
5.680004e+00 -2.293619e+00
5.685890e+00 -2.292267e+00
5.691776e+00 -2.290917e+00
5.697662e+00 -2.289569e+00
5.703548e+00 -2.288223e+00
5.709434e+00 -2.286880e+00
5.715320e+00 -2.285539e+00
5.721206e+00 -2.284200e+00
5.727092e+00 -2.282864e+00
5.732978e+00 -2.281530e+00
5.738864e+00 -2.280199e+00
5.744750e+00 -2.278870e+00
5.750636e+00 -2.277544e+00
5.756522e+00 -2.276221e+00
5.762408e+00 -2.274901e+00
5.768294e+00 -2.273584e+00
5.774180e+00 -2.272270e+00
5.780066e+00 -2.270959e+00
5.785952e+00 -2.269651e+00
5.791838e+00 -2.268346e+00
5.797724e+00 -2.267045e+00
5.803610e+00 -2.265747e+00
5.809496e+00 -2.264453e+00
5.815383e+00 -2.263162e+00
5.821269e+00 -2.261874e+00
5.827155e+00 -2.260591e+00
5.833041e+00 -2.259311e+00
5.838927e+00 -2.258035e+00
5.844813e+00 -2.256762e+00
5.850699e+00 -2.255494e+00
5.856585e+00 -2.254230e+00
5.862471e+00 -2.252970e+00
5.868357e+00 -2.251714e+00
5.874243e+00 -2.250462e+00
5.880129e+00 -2.249214e+00
5.886015e+00 -2.247971e+00
5.891901e+00 -2.246733e+00
5.897787e+00 -2.245499e+00
5.903673e+00 -2.244269e+00
5.909559e+00 -2.243044e+00
5.915445e+00 -2.241824e+00
5.921331e+00 -2.240609e+00
5.927217e+00 -2.239398e+00
5.933103e+00 -2.238193e+00
5.938989e+00 -2.236992e+00
5.944875e+00 -2.235796e+00
5.950761e+00 -2.234606e+00
5.956647e+00 -2.233421e+00
5.962533e+00 -2.232241e+00
5.968419e+00 -2.231066e+00
5.974305e+00 -2.229896e+00
5.980191e+00 -2.228732e+00
5.986077e+00 -2.227574e+00
5.991963e+00 -2.226421e+00
5.997849e+00 -2.225273e+00
6.003735e+00 -2.224132e+00
6.009621e+00 -2.222996e+00
6.015507e+00 -2.221865e+00
6.021393e+00 -2.220741e+00
6.027279e+00 -2.219622e+00
6.033165e+00 -2.218509e+00
6.039051e+00 -2.217402e+00
6.044937e+00 -2.216301e+00
6.050823e+00 -2.215206e+00
6.056709e+00 -2.214117e+00
6.062595e+00 -2.213034e+00
6.068481e+00 -2.211957e+00
6.074367e+00 -2.210887e+00
6.080253e+00 -2.209822e+00
6.086139e+00 -2.208764e+00
6.092025e+00 -2.207712e+00
6.097911e+00 -2.206666e+00
6.103797e+00 -2.205626e+00
6.109683e+00 -2.204593e+00
6.115569e+00 -2.203566e+00
6.121455e+00 -2.202545e+00
6.127341e+00 -2.201531e+00
6.133227e+00 -2.200523e+00
6.139113e+00 -2.199521e+00
6.144999e+00 -2.198526e+00
6.150885e+00 -2.197536e+00
6.156771e+00 -2.196554e+00
6.162657e+00 -2.195577e+00
6.168543e+00 -2.194607e+00
6.174429e+00 -2.193643e+00
6.180315e+00 -2.192685e+00
6.186201e+00 -2.191733e+00
6.192087e+00 -2.190788e+00
6.197973e+00 -2.189848e+00
6.203859e+00 -2.188915e+00
6.209745e+00 -2.187988e+00
6.215632e+00 -2.187067e+00
6.221518e+00 -2.186151e+00
6.227404e+00 -2.185242e+00
6.233290e+00 -2.184338e+00
6.239176e+00 -2.183440e+00
6.245062e+00 -2.182547e+00
6.250948e+00 -2.181660e+00
6.256834e+00 -2.180779e+00
6.262720e+00 -2.179903e+00
6.268606e+00 -2.179032e+00
6.274492e+00 -2.178166e+00
6.280378e+00 -2.177305e+00
6.286264e+00 -2.176449e+00
6.292150e+00 -2.175598e+00
6.298036e+00 -2.174751e+00
6.303922e+00 -2.173909e+00
6.309808e+00 -2.173071e+00
6.315694e+00 -2.172237e+00
6.321580e+00 -2.171406e+00
6.327466e+00 -2.170580e+00
6.333352e+00 -2.169757e+00
6.339238e+00 -2.168937e+00
6.345124e+00 -2.168120e+00
6.351010e+00 -2.167306e+00
6.356896e+00 -2.166494e+00
6.362782e+00 -2.165685e+00
6.368668e+00 -2.164878e+00
6.374554e+00 -2.164073e+00
6.380440e+00 -2.163269e+00
6.386326e+00 -2.162466e+00
6.392212e+00 -2.161664e+00
6.398098e+00 -2.160862e+00
6.403984e+00 -2.160061e+00
6.409870e+00 -2.159259e+00
6.415756e+00 -2.158457e+00
6.421642e+00 -2.157654e+00
6.427528e+00 -2.156849e+00
6.433414e+00 -2.156043e+00
6.439300e+00 -2.155234e+00
6.445186e+00 -2.154423e+00
6.451072e+00 -2.153608e+00
6.456958e+00 -2.152791e+00
6.462844e+00 -2.151968e+00
6.468730e+00 -2.151142e+00
6.474616e+00 -2.150310e+00
6.480502e+00 -2.149473e+00
6.486388e+00 -2.148629e+00
6.492274e+00 -2.147779e+00
6.498160e+00 -2.146921e+00
6.504046e+00 -2.146055e+00
6.509932e+00 -2.145181e+00
6.515818e+00 -2.144297e+00
6.521704e+00 -2.143404e+00
6.527590e+00 -2.142500e+00
6.533476e+00 -2.141585e+00
6.539362e+00 -2.140658e+00
6.545248e+00 -2.139718e+00
6.551134e+00 -2.138765e+00
6.557020e+00 -2.137797e+00
6.562906e+00 -2.136815e+00
6.568792e+00 -2.135817e+00
6.574678e+00 -2.134803e+00
6.580564e+00 -2.133771e+00
6.586450e+00 -2.132721e+00
6.592336e+00 -2.131651e+00
6.598222e+00 -2.130563e+00
6.604108e+00 -2.129453e+00
6.609994e+00 -2.128322e+00
6.615881e+00 -2.127168e+00
6.621767e+00 -2.125990e+00
6.627653e+00 -2.124789e+00
6.633539e+00 -2.123562e+00
6.639425e+00 -2.122309e+00
6.645311e+00 -2.121028e+00
6.651197e+00 -2.119720e+00
6.657083e+00 -2.118382e+00
6.662969e+00 -2.117014e+00
6.668855e+00 -2.115616e+00
6.674741e+00 -2.114185e+00
6.680627e+00 -2.112722e+00
6.686513e+00 -2.111224e+00
6.692399e+00 -2.109692e+00
6.698285e+00 -2.108124e+00
6.704171e+00 -2.106519e+00
6.710057e+00 -2.104876e+00
6.715943e+00 -2.103194e+00
6.721829e+00 -2.101473e+00
6.727715e+00 -2.099712e+00
6.733601e+00 -2.097909e+00
6.739487e+00 -2.096063e+00
6.745373e+00 -2.094175e+00
6.751259e+00 -2.092242e+00
6.757145e+00 -2.090265e+00
6.763031e+00 -2.088241e+00
6.768917e+00 -2.086172e+00
6.774803e+00 -2.084055e+00
6.780689e+00 -2.081890e+00
6.786575e+00 -2.079677e+00
6.792461e+00 -2.077414e+00
6.798347e+00 -2.075102e+00
6.804233e+00 -2.072738e+00
6.810119e+00 -2.070324e+00
6.816005e+00 -2.067858e+00
6.821891e+00 -2.065341e+00
6.827777e+00 -2.062770e+00
6.833663e+00 -2.060147e+00
6.839549e+00 -2.057470e+00
6.845435e+00 -2.054740e+00
6.851321e+00 -2.051956e+00
6.857207e+00 -2.049118e+00
6.863093e+00 -2.046226e+00
6.868979e+00 -2.043279e+00
6.874865e+00 -2.040278e+00
6.880751e+00 -2.037222e+00
6.886637e+00 -2.034112e+00
6.892523e+00 -2.030948e+00
6.898409e+00 -2.027729e+00
6.904295e+00 -2.024457e+00
6.910181e+00 -2.021130e+00
6.916067e+00 -2.017750e+00
6.921953e+00 -2.014316e+00
6.927839e+00 -2.010830e+00
6.933725e+00 -2.007290e+00
6.939611e+00 -2.003699e+00
6.945497e+00 -2.000056e+00
6.951383e+00 -1.996362e+00
6.957269e+00 -1.992617e+00
6.963155e+00 -1.988822e+00
6.969041e+00 -1.984978e+00
6.974927e+00 -1.981085e+00
6.980813e+00 -1.977144e+00
6.986699e+00 -1.973156e+00
6.992585e+00 -1.969121e+00
6.998471e+00 -1.965041e+00
