0.000000e+00 -1.600000e+01
9.902784e-03 -6.227649e+00
1.980557e-02 -5.626235e+00
2.970835e-02 -5.275019e+00
3.961113e-02 -5.026313e+00
4.951392e-02 -4.833763e+00
5.941670e-02 -4.676691e+00
6.931948e-02 -4.544073e+00
7.922227e-02 -4.429350e+00
8.912505e-02 -4.328312e+00
9.902784e-02 -4.238100e+00
1.089306e-01 -4.156673e+00
1.188334e-01 -4.082524e+00
1.287362e-01 -4.014499e+00
1.386390e-01 -3.951699e+00
1.485418e-01 -3.893408e+00
1.584445e-01 -3.839051e+00
1.683473e-01 -3.788155e+00
1.782501e-01 -3.740328e+00
1.881529e-01 -3.695240e+00
1.980557e-01 -3.652612e+00
2.079585e-01 -3.612203e+00
2.178612e-01 -3.573810e+00
2.277640e-01 -3.537252e+00
2.376668e-01 -3.502374e+00
2.475696e-01 -3.469038e+00
2.574724e-01 -3.437124e+00
2.673752e-01 -3.406522e+00
2.772779e-01 -3.377138e+00
2.871807e-01 -3.348886e+00
2.970835e-01 -3.321688e+00
3.069863e-01 -3.295475e+00
3.168891e-01 -3.270185e+00
3.267919e-01 -3.245761e+00
3.366946e-01 -3.222151e+00
3.465974e-01 -3.199308e+00
3.565002e-01 -3.177189e+00
3.664030e-01 -3.155754e+00
3.763058e-01 -3.134966e+00
3.862086e-01 -3.114793e+00
3.961113e-01 -3.095203e+00
4.060141e-01 -3.076168e+00
4.159169e-01 -3.057662e+00
4.258197e-01 -3.039659e+00
4.357225e-01 -3.022137e+00
4.456253e-01 -3.005075e+00
4.555280e-01 -2.988452e+00
4.654308e-01 -2.972251e+00
4.753336e-01 -2.956453e+00
4.852364e-01 -2.941042e+00
4.951392e-01 -2.926003e+00
5.050420e-01 -2.911321e+00
5.149447e-01 -2.896982e+00
5.248475e-01 -2.882974e+00
5.347503e-01 -2.869285e+00
5.446531e-01 -2.855902e+00
5.545559e-01 -2.842815e+00
5.644587e-01 -2.830013e+00
5.743614e-01 -2.817487e+00
5.842642e-01 -2.805227e+00
5.941670e-01 -2.793224e+00
6.040698e-01 -2.781470e+00
6.139726e-01 -2.769957e+00
6.238754e-01 -2.758678e+00
6.337781e-01 -2.747624e+00
6.436809e-01 -2.736789e+00
6.535837e-01 -2.726167e+00
6.634865e-01 -2.715751e+00
6.733893e-01 -2.705535e+00
6.832921e-01 -2.695513e+00
6.931948e-01 -2.685680e+00
7.030976e-01 -2.676031e+00
7.130004e-01 -2.666560e+00
7.229032e-01 -2.657262e+00
7.328060e-01 -2.648133e+00
7.427088e-01 -2.639168e+00
7.526115e-01 -2.630363e+00
7.625143e-01 -2.621713e+00
7.724171e-01 -2.613214e+00
7.823199e-01 -2.604863e+00
7.922227e-01 -2.596654e+00
8.021255e-01 -2.588586e+00
8.120283e-01 -2.580653e+00
8.219310e-01 -2.572853e+00
8.318338e-01 -2.565182e+00
8.417366e-01 -2.557637e+00
8.516394e-01 -2.550214e+00
8.615422e-01 -2.542911e+00
8.714450e-01 -2.535725e+00
8.813477e-01 -2.528652e+00
8.912505e-01 -2.521690e+00
9.011533e-01 -2.514836e+00
9.110561e-01 -2.508087e+00
9.209589e-01 -2.501442e+00
9.308617e-01 -2.494896e+00
9.407644e-01 -2.488449e+00
9.506672e-01 -2.482096e+00
9.605700e-01 -2.475837e+00
9.704728e-01 -2.469669e+00
9.803756e-01 -2.463590e+00
9.902784e-01 -2.457597e+00
1.000181e+00 -2.451689e+00
1.010084e+00 -2.445863e+00
1.019987e+00 -2.440118e+00
1.029889e+00 -2.434452e+00
1.039792e+00 -2.428862e+00
1.049695e+00 -2.423347e+00
1.059598e+00 -2.417905e+00
1.069501e+00 -2.412535e+00
1.079403e+00 -2.407234e+00
1.089306e+00 -2.402001e+00
1.099209e+00 -2.396835e+00
1.109112e+00 -2.391733e+00
1.119015e+00 -2.386695e+00
1.128917e+00 -2.381718e+00
1.138820e+00 -2.376802e+00
1.148723e+00 -2.371944e+00
1.158626e+00 -2.367144e+00
1.168528e+00 -2.362399e+00
1.178431e+00 -2.357710e+00
1.188334e+00 -2.353073e+00
1.198237e+00 -2.348489e+00
1.208140e+00 -2.343956e+00
1.218042e+00 -2.339472e+00
1.227945e+00 -2.335036e+00
1.237848e+00 -2.330648e+00
1.247751e+00 -2.326306e+00
1.257654e+00 -2.322008e+00
1.267556e+00 -2.317755e+00
1.277459e+00 -2.313544e+00
1.287362e+00 -2.309375e+00
1.297265e+00 -2.305247e+00
1.307167e+00 -2.301158e+00
1.317070e+00 -2.297108e+00
1.326973e+00 -2.293095e+00
1.336876e+00 -2.289119e+00
1.346779e+00 -2.285180e+00
1.356681e+00 -2.281275e+00
1.366584e+00 -2.277404e+00
1.376487e+00 -2.273567e+00
1.386390e+00 -2.269762e+00
1.396292e+00 -2.265988e+00
1.406195e+00 -2.262246e+00
1.416098e+00 -2.258533e+00
1.426001e+00 -2.254851e+00
1.435904e+00 -2.251197e+00
1.445806e+00 -2.247571e+00
1.455709e+00 -2.243972e+00
1.465612e+00 -2.240400e+00
1.475515e+00 -2.236855e+00
1.485418e+00 -2.233335e+00
1.495320e+00 -2.229840e+00
1.505223e+00 -2.226370e+00
1.515126e+00 -2.222924e+00
1.525029e+00 -2.219502e+00
1.534931e+00 -2.216102e+00
1.544834e+00 -2.212726e+00
1.554737e+00 -2.209372e+00
1.564640e+00 -2.206039e+00
1.574543e+00 -2.202729e+00
1.584445e+00 -2.199439e+00
1.594348e+00 -2.196170e+00
1.604251e+00 -2.192922e+00
1.614154e+00 -2.189694e+00
1.624057e+00 -2.186486e+00
1.633959e+00 -2.183298e+00
1.643862e+00 -2.180129e+00
1.653765e+00 -2.176979e+00
1.663668e+00 -2.173848e+00
1.673570e+00 -2.170737e+00
1.683473e+00 -2.167643e+00
1.693376e+00 -2.164569e+00
1.703279e+00 -2.161512e+00
1.713182e+00 -2.158474e+00
1.723084e+00 -2.155454e+00
1.732987e+00 -2.152451e+00
1.742890e+00 -2.149467e+00
1.752793e+00 -2.146500e+00
1.762695e+00 -2.143551e+00
1.772598e+00 -2.140620e+00
1.782501e+00 -2.137706e+00
1.792404e+00 -2.134810e+00
1.802307e+00 -2.131931e+00
1.812209e+00 -2.129070e+00
1.822112e+00 -2.126226e+00
1.832015e+00 -2.123399e+00
1.841918e+00 -2.120590e+00
1.851821e+00 -2.117799e+00
1.861723e+00 -2.115024e+00
1.871626e+00 -2.112267e+00
1.881529e+00 -2.109528e+00
1.891432e+00 -2.106806e+00
1.901334e+00 -2.104101e+00
1.911237e+00 -2.101414e+00
1.921140e+00 -2.098744e+00
1.931043e+00 -2.096092e+00
1.940946e+00 -2.093458e+00
1.950848e+00 -2.090840e+00
1.960751e+00 -2.088241e+00
1.970654e+00 -2.085659e+00
1.980557e+00 -2.083095e+00
1.990459e+00 -2.080548e+00
2.000362e+00 -2.078019e+00
2.010265e+00 -2.075508e+00
2.020168e+00 -2.073015e+00
2.030071e+00 -2.070539e+00
2.039973e+00 -2.068082e+00
2.049876e+00 -2.065642e+00
2.059779e+00 -2.063220e+00
2.069682e+00 -2.060816e+00
2.079585e+00 -2.058431e+00
2.089487e+00 -2.056063e+00
2.099390e+00 -2.053714e+00
2.109293e+00 -2.051382e+00
2.119196e+00 -2.049069e+00
2.129098e+00 -2.046774e+00
2.139001e+00 -2.044498e+00
2.148904e+00 -2.042239e+00
2.158807e+00 -2.039999e+00
2.168710e+00 -2.037777e+00
2.178612e+00 -2.035574e+00
2.188515e+00 -2.033389e+00
2.198418e+00 -2.031222e+00
2.208321e+00 -2.029074e+00
2.218224e+00 -2.026945e+00
2.228126e+00 -2.024833e+00
2.238029e+00 -2.022740e+00
2.247932e+00 -2.020666e+00
2.257835e+00 -2.018610e+00
2.267737e+00 -2.016572e+00
2.277640e+00 -2.014553e+00
2.287543e+00 -2.012552e+00
2.297446e+00 -2.010570e+00
2.307349e+00 -2.008606e+00
2.317251e+00 -2.006661e+00
2.327154e+00 -2.004733e+00
2.337057e+00 -2.002825e+00
2.346960e+00 -2.000934e+00
2.356862e+00 -1.999062e+00
2.366765e+00 -1.997208e+00
2.376668e+00 -1.995373e+00
2.386571e+00 -1.993555e+00
2.396474e+00 -1.991756e+00
2.406376e+00 -1.989975e+00
2.416279e+00 -1.988213e+00
2.426182e+00 -1.986468e+00
2.436085e+00 -1.984741e+00
2.445988e+00 -1.983033e+00
2.455890e+00 -1.981342e+00
2.465793e+00 -1.979670e+00
2.475696e+00 -1.978015e+00
2.485599e+00 -1.976378e+00
2.495501e+00 -1.974760e+00
2.505404e+00 -1.973158e+00
2.515307e+00 -1.971575e+00
2.525210e+00 -1.970009e+00
2.535113e+00 -1.968461e+00
2.545015e+00 -1.966931e+00
2.554918e+00 -1.965418e+00
2.564821e+00 -1.963923e+00
2.574724e+00 -1.962445e+00
2.584627e+00 -1.960985e+00
2.594529e+00 -1.959542e+00
2.604432e+00 -1.958116e+00
2.614335e+00 -1.956708e+00
2.624238e+00 -1.955317e+00
2.634140e+00 -1.953943e+00
2.644043e+00 -1.952586e+00
2.653946e+00 -1.951247e+00
2.663849e+00 -1.949924e+00
2.673752e+00 -1.948619e+00
2.683654e+00 -1.947330e+00
2.693557e+00 -1.946059e+00
2.703460e+00 -1.944804e+00
2.713363e+00 -1.943566e+00
2.723265e+00 -1.942345e+00
2.733168e+00 -1.941140e+00
2.743071e+00 -1.939953e+00
2.752974e+00 -1.938781e+00
2.762877e+00 -1.937627e+00
2.772779e+00 -1.936488e+00
2.782682e+00 -1.935367e+00
2.792585e+00 -1.934261e+00
2.802488e+00 -1.933172e+00
2.812391e+00 -1.932099e+00
2.822293e+00 -1.931042e+00
2.832196e+00 -1.930002e+00
2.842099e+00 -1.928977e+00
2.852002e+00 -1.927969e+00
2.861904e+00 -1.926976e+00
2.871807e+00 -1.925999e+00
2.881710e+00 -1.925039e+00
2.891613e+00 -1.924093e+00
2.901516e+00 -1.923164e+00
2.911418e+00 -1.922250e+00
2.921321e+00 -1.921352e+00
2.931224e+00 -1.920469e+00
2.941127e+00 -1.919601e+00
2.951029e+00 -1.918749e+00
2.960932e+00 -1.917912e+00
2.970835e+00 -1.917090e+00
2.980738e+00 -1.916284e+00
2.990641e+00 -1.915492e+00
3.000543e+00 -1.914715e+00
3.010446e+00 -1.913954e+00
3.020349e+00 -1.913206e+00
3.030252e+00 -1.912474e+00
3.040155e+00 -1.911756e+00
3.050057e+00 -1.911053e+00
3.059960e+00 -1.910365e+00
3.069863e+00 -1.909690e+00
3.079766e+00 -1.909030e+00
3.089668e+00 -1.908384e+00
3.099571e+00 -1.907752e+00
3.109474e+00 -1.907134e+00
3.119377e+00 -1.906530e+00
3.129280e+00 -1.905940e+00
3.139182e+00 -1.905363e+00
3.149085e+00 -1.904800e+00
3.158988e+00 -1.904251e+00
3.168891e+00 -1.903714e+00
3.178794e+00 -1.903191e+00
3.188696e+00 -1.902681e+00
3.198599e+00 -1.902184e+00
3.208502e+00 -1.901699e+00
3.218405e+00 -1.901228e+00
3.228307e+00 -1.900769e+00
3.238210e+00 -1.900322e+00
3.248113e+00 -1.899887e+00
3.258016e+00 -1.899464e+00
3.267919e+00 -1.899054e+00
3.277821e+00 -1.898655e+00
3.287724e+00 -1.898267e+00
3.297627e+00 -1.897891e+00
3.307530e+00 -1.897526e+00
3.317432e+00 -1.897172e+00
3.327335e+00 -1.896829e+00
3.337238e+00 -1.896497e+00
3.347141e+00 -1.896175e+00
3.357044e+00 -1.895863e+00
3.366946e+00 -1.895562e+00
3.376849e+00 -1.895270e+00
3.386752e+00 -1.894988e+00
3.396655e+00 -1.894715e+00
3.406558e+00 -1.894452e+00
3.416460e+00 -1.894197e+00
3.426363e+00 -1.893952e+00
3.436266e+00 -1.893714e+00
3.446169e+00 -1.893485e+00
3.456071e+00 -1.893264e+00
3.465974e+00 -1.893051e+00
3.475877e+00 -1.892845e+00
3.485780e+00 -1.892647e+00
3.495683e+00 -1.892455e+00
3.505585e+00 -1.892270e+00
3.515488e+00 -1.892091e+00
3.525391e+00 -1.891918e+00
3.535294e+00 -1.891751e+00
3.545197e+00 -1.891590e+00
3.555099e+00 -1.891434e+00
3.565002e+00 -1.891282e+00
3.574905e+00 -1.891135e+00
3.584808e+00 -1.890992e+00
3.594710e+00 -1.890853e+00
3.604613e+00 -1.890718e+00
3.614516e+00 -1.890585e+00
3.624419e+00 -1.890456e+00
3.634322e+00 -1.890328e+00
3.644224e+00 -1.890203e+00
3.654127e+00 -1.890080e+00
3.664030e+00 -1.889958e+00
3.673933e+00 -1.889837e+00
3.683835e+00 -1.889716e+00
3.693738e+00 -1.889596e+00
3.703641e+00 -1.889475e+00
3.713544e+00 -1.889354e+00
3.723447e+00 -1.889231e+00
3.733349e+00 -1.889107e+00
3.743252e+00 -1.888982e+00
3.753155e+00 -1.888854e+00
3.763058e+00 -1.888723e+00
3.772961e+00 -1.888589e+00
3.782863e+00 -1.888451e+00
3.792766e+00 -1.888309e+00
3.802669e+00 -1.888163e+00
3.812572e+00 -1.888012e+00
3.822474e+00 -1.887855e+00
3.832377e+00 -1.887692e+00
3.842280e+00 -1.887523e+00
3.852183e+00 -1.887346e+00
3.862086e+00 -1.887163e+00
3.871988e+00 -1.886971e+00
3.881891e+00 -1.886772e+00
3.891794e+00 -1.886563e+00
3.901697e+00 -1.886345e+00
3.911599e+00 -1.886117e+00
3.921502e+00 -1.885879e+00
3.931405e+00 -1.885631e+00
3.941308e+00 -1.885371e+00
3.951211e+00 -1.885099e+00
3.961113e+00 -1.884815e+00
3.971016e+00 -1.884518e+00
3.980919e+00 -1.884208e+00
3.990822e+00 -1.883884e+00
4.000725e+00 -1.883547e+00
4.010627e+00 -1.883194e+00
4.020530e+00 -1.882827e+00
4.030433e+00 -1.882444e+00
4.040336e+00 -1.882045e+00
4.050238e+00 -1.881630e+00
4.060141e+00 -1.881197e+00
4.070044e+00 -1.880748e+00
4.079947e+00 -1.880280e+00
4.089850e+00 -1.879795e+00
4.099752e+00 -1.879290e+00
4.109655e+00 -1.878767e+00
4.119558e+00 -1.878224e+00
4.129461e+00 -1.877662e+00
4.139364e+00 -1.877079e+00
4.149266e+00 -1.876476e+00
4.159169e+00 -1.875852e+00
4.169072e+00 -1.875206e+00
4.178975e+00 -1.874539e+00
4.188877e+00 -1.873850e+00
4.198780e+00 -1.873139e+00
4.208683e+00 -1.872405e+00
4.218586e+00 -1.871648e+00
4.228489e+00 -1.870868e+00
4.238391e+00 -1.870065e+00
4.248294e+00 -1.869238e+00
4.258197e+00 -1.868388e+00
4.268100e+00 -1.867513e+00
4.278002e+00 -1.866614e+00
4.287905e+00 -1.865690e+00
4.297808e+00 -1.864742e+00
4.307711e+00 -1.863769e+00
4.317614e+00 -1.862771e+00
4.327516e+00 -1.861748e+00
4.337419e+00 -1.860699e+00
4.347322e+00 -1.859626e+00
4.357225e+00 -1.858527e+00
4.367128e+00 -1.857403e+00
4.377030e+00 -1.856254e+00
4.386933e+00 -1.855079e+00
4.396836e+00 -1.853879e+00
4.406739e+00 -1.852653e+00
4.416641e+00 -1.851403e+00
4.426544e+00 -1.850127e+00
4.436447e+00 -1.848825e+00
4.446350e+00 -1.847499e+00
4.456253e+00 -1.846148e+00
4.466155e+00 -1.844771e+00
4.476058e+00 -1.843371e+00
4.485961e+00 -1.841945e+00
4.495864e+00 -1.840495e+00
4.505767e+00 -1.839021e+00
4.515669e+00 -1.837524e+00
4.525572e+00 -1.836002e+00
4.535475e+00 -1.834457e+00
4.545378e+00 -1.832888e+00
4.555280e+00 -1.831297e+00
4.565183e+00 -1.829682e+00
4.575086e+00 -1.828046e+00
4.584989e+00 -1.826387e+00
4.594892e+00 -1.824706e+00
4.604794e+00 -1.823004e+00
4.614697e+00 -1.821280e+00
4.624600e+00 -1.819536e+00
4.634503e+00 -1.817771e+00
4.644405e+00 -1.815986e+00
4.654308e+00 -1.814182e+00
4.664211e+00 -1.812358e+00
4.674114e+00 -1.810515e+00
4.684017e+00 -1.808654e+00
4.693919e+00 -1.806774e+00
4.703822e+00 -1.804877e+00
4.713725e+00 -1.802962e+00
4.723628e+00 -1.801031e+00
4.733531e+00 -1.799083e+00
4.743433e+00 -1.797119e+00
4.753336e+00 -1.795140e+00
4.763239e+00 -1.793145e+00
4.773142e+00 -1.791136e+00
4.783044e+00 -1.789112e+00
4.792947e+00 -1.787075e+00
4.802850e+00 -1.785025e+00
4.812753e+00 -1.782962e+00
4.822656e+00 -1.780886e+00
4.832558e+00 -1.778799e+00
4.842461e+00 -1.776700e+00
4.852364e+00 -1.774590e+00
4.862267e+00 -1.772469e+00
4.872170e+00 -1.770339e+00
4.882072e+00 -1.768199e+00
4.891975e+00 -1.766050e+00
4.901878e+00 -1.763892e+00
4.911781e+00 -1.761727e+00
4.921683e+00 -1.759553e+00
4.931586e+00 -1.757372e+00
4.941489e+00 -1.755185e+00
4.951392e+00 -1.752991e+00
4.961295e+00 -1.750791e+00
4.971197e+00 -1.748586e+00
4.981100e+00 -1.746376e+00
4.991003e+00 -1.744161e+00
5.000906e+00 -1.741942e+00
5.010808e+00 -1.739719e+00
5.020711e+00 -1.737493e+00
5.030614e+00 -1.735264e+00
5.040517e+00 -1.733033e+00
5.050420e+00 -1.730799e+00
5.060322e+00 -1.728564e+00
5.070225e+00 -1.726328e+00
5.080128e+00 -1.724091e+00
5.090031e+00 -1.721853e+00
5.099934e+00 -1.719615e+00
5.109836e+00 -1.717378e+00
5.119739e+00 -1.715141e+00
5.129642e+00 -1.712905e+00
5.139545e+00 -1.710671e+00
5.149447e+00 -1.708438e+00
5.159350e+00 -1.706207e+00
5.169253e+00 -1.703979e+00
5.179156e+00 -1.701753e+00
5.189059e+00 -1.699531e+00
5.198961e+00 -1.697312e+00
5.208864e+00 -1.695096e+00
5.218767e+00 -1.692885e+00
5.228670e+00 -1.690678e+00
5.238572e+00 -1.688475e+00
5.248475e+00 -1.686278e+00
5.258378e+00 -1.684085e+00
5.268281e+00 -1.681898e+00
5.278184e+00 -1.679717e+00
5.288086e+00 -1.677542e+00
5.297989e+00 -1.675373e+00
5.307892e+00 -1.673211e+00
5.317795e+00 -1.671055e+00
5.327698e+00 -1.668906e+00
5.337600e+00 -1.666765e+00
5.347503e+00 -1.664631e+00
5.357406e+00 -1.662504e+00
5.367309e+00 -1.660386e+00
5.377211e+00 -1.658275e+00
5.387114e+00 -1.656173e+00
5.397017e+00 -1.654079e+00
5.406920e+00 -1.651994e+00
5.416823e+00 -1.649918e+00
5.426725e+00 -1.647851e+00
5.436628e+00 -1.645792e+00
5.446531e+00 -1.643743e+00
5.456434e+00 -1.641704e+00
5.466337e+00 -1.639674e+00
5.476239e+00 -1.637653e+00
5.486142e+00 -1.635643e+00
5.496045e+00 -1.633642e+00
5.505948e+00 -1.631652e+00
5.515850e+00 -1.629672e+00
5.525753e+00 -1.627702e+00
5.535656e+00 -1.625742e+00
5.545559e+00 -1.623793e+00
5.555462e+00 -1.621854e+00
5.565364e+00 -1.619926e+00
5.575267e+00 -1.618009e+00
5.585170e+00 -1.616102e+00
5.595073e+00 -1.614207e+00
5.604975e+00 -1.612322e+00
5.614878e+00 -1.610448e+00
5.624781e+00 -1.608585e+00
5.634684e+00 -1.606733e+00
5.644587e+00 -1.604892e+00
5.654489e+00 -1.603062e+00
5.664392e+00 -1.601243e+00
5.674295e+00 -1.599435e+00
5.684198e+00 -1.597638e+00
5.694101e+00 -1.595852e+00
5.704003e+00 -1.594078e+00
5.713906e+00 -1.592314e+00
5.723809e+00 -1.590561e+00
5.733712e+00 -1.588820e+00
5.743614e+00 -1.587089e+00
5.753517e+00 -1.585369e+00
5.763420e+00 -1.583660e+00
5.773323e+00 -1.581961e+00
5.783226e+00 -1.580274e+00
5.793128e+00 -1.578596e+00
5.803031e+00 -1.576930e+00
5.812934e+00 -1.575274e+00
5.822837e+00 -1.573628e+00
5.832740e+00 -1.571992e+00
5.842642e+00 -1.570366e+00
5.852545e+00 -1.568751e+00
5.862448e+00 -1.567145e+00
5.872351e+00 -1.565549e+00
5.882253e+00 -1.563962e+00
5.892156e+00 -1.562384e+00
5.902059e+00 -1.560816e+00
5.911962e+00 -1.559257e+00
5.921865e+00 -1.557706e+00
5.931767e+00 -1.556164e+00
5.941670e+00 -1.554630e+00
5.951573e+00 -1.553105e+00
5.961476e+00 -1.551587e+00
5.971378e+00 -1.550077e+00
5.981281e+00 -1.548574e+00
5.991184e+00 -1.547078e+00
6.001087e+00 -1.545589e+00
6.010990e+00 -1.544107e+00
6.020892e+00 -1.542631e+00
6.030795e+00 -1.541161e+00
6.040698e+00 -1.539696e+00
6.050601e+00 -1.538237e+00
6.060504e+00 -1.536782e+00
6.070406e+00 -1.535333e+00
6.080309e+00 -1.533887e+00
6.090212e+00 -1.532445e+00
6.100115e+00 -1.531007e+00
6.110017e+00 -1.529572e+00
6.119920e+00 -1.528139e+00
6.129823e+00 -1.526709e+00
6.139726e+00 -1.525280e+00
6.149629e+00 -1.523853e+00
6.159531e+00 -1.522427e+00
6.169434e+00 -1.521001e+00
6.179337e+00 -1.519575e+00
6.189240e+00 -1.518148e+00
6.199142e+00 -1.516721e+00
6.209045e+00 -1.515292e+00
6.218948e+00 -1.513861e+00
6.228851e+00 -1.512427e+00
6.238754e+00 -1.510990e+00
6.248656e+00 -1.509549e+00
6.258559e+00 -1.508105e+00
6.268462e+00 -1.506655e+00
6.278365e+00 -1.505200e+00
6.288268e+00 -1.503738e+00
6.298170e+00 -1.502271e+00
6.308073e+00 -1.500795e+00
6.317976e+00 -1.499312e+00
6.327879e+00 -1.497820e+00
6.337781e+00 -1.496319e+00
6.347684e+00 -1.494808e+00
6.357587e+00 -1.493287e+00
6.367490e+00 -1.491754e+00
6.377393e+00 -1.490209e+00
6.387295e+00 -1.488652e+00
6.397198e+00 -1.487081e+00
6.407101e+00 -1.485496e+00
6.417004e+00 -1.483896e+00
6.426907e+00 -1.482281e+00
6.436809e+00 -1.480649e+00
6.446712e+00 -1.479000e+00
6.456615e+00 -1.477334e+00
6.466518e+00 -1.475648e+00
6.476420e+00 -1.473944e+00
6.486323e+00 -1.472220e+00
6.496226e+00 -1.470475e+00
6.506129e+00 -1.468708e+00
6.516032e+00 -1.466919e+00
6.525934e+00 -1.465107e+00
6.535837e+00 -1.463271e+00
6.545740e+00 -1.461411e+00
6.555643e+00 -1.459526e+00
6.565545e+00 -1.457614e+00
6.575448e+00 -1.455676e+00
6.585351e+00 -1.453711e+00
6.595254e+00 -1.451717e+00
6.605157e+00 -1.449695e+00
6.615059e+00 -1.447644e+00
6.624962e+00 -1.445562e+00
6.634865e+00 -1.443450e+00
6.644768e+00 -1.441307e+00
6.654671e+00 -1.439131e+00
6.664573e+00 -1.436923e+00
6.674476e+00 -1.434682e+00
6.684379e+00 -1.432408e+00
6.694282e+00 -1.430099e+00
6.704184e+00 -1.427755e+00
6.714087e+00 -1.425377e+00
6.723990e+00 -1.422963e+00
6.733893e+00 -1.420512e+00
6.743796e+00 -1.418026e+00
6.753698e+00 -1.415502e+00
6.763601e+00 -1.412941e+00
6.773504e+00 -1.410343e+00
6.783407e+00 -1.407707e+00
6.793310e+00 -1.405033e+00
6.803212e+00 -1.402321e+00
6.813115e+00 -1.399570e+00
6.823018e+00 -1.396780e+00
6.832921e+00 -1.393952e+00
6.842823e+00 -1.391084e+00
6.852726e+00 -1.388178e+00
6.862629e+00 -1.385232e+00
6.872532e+00 -1.382247e+00
6.882435e+00 -1.379223e+00
6.892337e+00 -1.376160e+00
6.902240e+00 -1.373058e+00
6.912143e+00 -1.369917e+00
6.922046e+00 -1.366737e+00
6.931948e+00 -1.363518e+00
6.941851e+00 -1.360261e+00
6.951754e+00 -1.356966e+00
6.961657e+00 -1.353632e+00
6.971560e+00 -1.350261e+00
6.981462e+00 -1.346853e+00
6.991365e+00 -1.343407e+00
7.001268e+00 -1.339925e+00
